-0.03337832912802696 2.3918099403381348 2.3395588397979736
-0.0329597182571888 2.3253140449523926 2.2689194679260254
-0.0339796356856823 2.241032123565674 2.2182440757751465
-0.03399960324168205 2.209876537322998 2.145082712173462
-0.032091911882162094 2.1566107273101807 2.070128917694092
-0.03415970131754875 2.1000289916992188 2.0172462463378906
-0.03593083843588829 1.9783788919448853 1.929258942604065
-0.03826608881354332 1.9504772424697876 1.866154432296753
-0.03954041749238968 1.8517650365829468 1.831971287727356
-0.040645141154527664 1.8461644649505615 1.7910587787628174
-0.04052959382534027 1.7988264560699463 1.7092571258544922
-0.04337635636329651 1.6816155910491943 1.6556931734085083
-0.0456487201154232 1.650256633758545 1.5716111660003662
-0.04505458474159241 1.6110659837722778 1.6105231046676636
-0.0481082983314991 1.5880204439163208 1.508880615234375
-0.05187056213617325 1.4973918199539185 1.4750903844833374
-0.051804352551698685 1.3960685729980469 1.3945858478546143
-0.05077655240893364 1.40252685546875 1.4018915891647339
-0.05502019450068474 1.3127119541168213 1.315558671951294
-0.0545380599796772 1.2711224555969238 1.2736257314682007
-0.053073760122060776 1.3053537607192993 1.2559009790420532
-0.05537286400794983 1.209701657295227 1.2401098012924194
-0.060027219355106354 1.0481371879577637 1.0830354690551758
-0.05530271679162979 1.0409313440322876 1.0422475337982178
-0.05543242022395134 0.9541299343109131 0.9703225493431091
-0.0627017468214035 1.0319273471832275 0.9911646246910095
