0.018681518733501434 1.4409500360488892 1.4490206241607666
0.005278186872601509 0.10360506176948547 0.09932060539722443
0.00955310557037592 0.0544336698949337 0.05488136410713196
0.01058961357921362 0.04575151950120926 0.03738940507173538
0.009494435973465443 0.031568314880132675 0.024576811119914055
0.011443090625107288 0.06518784910440445 0.0671631470322609
0.011265921406447887 0.02152833342552185 0.020530227571725845
0.007325689774006605 0.04384665563702583 0.040401704609394073
0.007290598005056381 0.029880234971642494 0.03214642405509949
0.006538411136716604 0.02320357970893383 0.022108498960733414
0.005086037330329418 0.023618385195732117 0.02739804796874523
