0.018717756494879723 1.4651657342910767 1.466503620147705
0.008379727602005005 0.09012095630168915 0.09033193439245224
0.010476324707269669 0.052493151277303696 0.04952739551663399
0.012771004810929298 0.040086809545755386 0.03599528223276138
0.007827473804354668 0.03599434345960617 0.029149949550628662
0.009007519111037254 0.04684985429048538 0.047865696251392365
0.009287086315453053 0.055427029728889465 0.05115702003240585
0.010198595002293587 0.09327682107686996 0.09447535872459412
0.008580530993640423 0.03694924712181091 0.039723608642816544
0.008687498047947884 0.05231153592467308 0.043404750525951385
0.007338953670114279 0.013131145387887955 0.010931799188256264
0.011841054074466228 0.027039343491196632 0.024469895288348198
0.009755208157002926 0.019676238298416138 0.01716095581650734
0.010139009915292263 0.027738619595766068 0.021841172128915787
0.006943653803318739 0.053420539945364 0.06814312934875488
0.005331565625965595 0.05735170841217041 0.04984401911497116
0.00646033463999629 0.030285904183983803 0.02856532484292984
0.010615586303174496 0.01934164948761463 0.017428122460842133
0.0065538170747458935 0.02104407362639904 0.01417076587677002
0.00628725765272975 0.03342127427458763 0.04331950470805168
0.006498107220977545 0.04115977883338928 0.040706269443035126
0.005430873949080706 0.07334686815738678 0.07514454424381256
0.006457563489675522 0.010585695505142212 0.010147185996174812
0.005518088582903147 0.11905118823051453 0.11597834527492523
0.00924284290522337 0.018826311454176903 0.0202840156853199
0.004258269909769297 0.028166456148028374 0.03325458988547325
