0.033641267567873 2.3221371173858643 2.3908653259277344
0.03458978980779648 2.2217183113098145 2.164315938949585
0.032605599611997604 2.1649348735809326 2.1235759258270264
0.03574245795607567 1.9923142194747925 1.982174038887024
0.038215842097997665 1.883304238319397 1.833773136138916
0.04012991860508919 1.7003766298294067 1.6822549104690552
0.04410014674067497 1.5727647542953491 1.5240548849105835
0.04604499787092209 1.49965238571167 1.4352394342422485
0.04734339937567711 1.4270288944244385 1.3509846925735474
0.05073150619864464 1.2699146270751953 1.3065285682678223
0.05186668783426285 1.2676646709442139 1.2931803464889526
0.056684624403715134 1.1052385568618774 1.1166967153549194
0.058128394186496735 1.0174360275268555 1.0059411525726318
0.057594846934080124 0.9261350035667419 0.9114036560058594
0.062238629907369614 0.8534982204437256 0.8564891219139099
0.056741513311862946 0.8677663803100586 0.7976514101028442
0.05620652064681053 0.778866171836853 0.7585482597351074
0.06002549082040787 0.665837824344635 0.6671198606491089
0.05961893871426582 0.6765654683113098 0.6665059924125671
0.06094842031598091 0.5116842985153198 0.5620612502098083
0.06130436807870865 0.6098225712776184 0.5937011241912842
0.0632440447807312 0.5508425235748291 0.581684947013855
0.06148204952478409 0.47683802247047424 0.4951280951499939
0.05700526386499405 0.421970933675766 0.39659667015075684
0.057822395116090775 0.511709988117218 0.48569443821907043
0.05511666461825371 0.3195279538631439 0.29031580686569214
