0.019225185737013817 1.458213448524475 1.461510181427002
0.008113653399050236 0.11966484040021896 0.11134904623031616
0.010923138819634914 0.029492449015378952 0.02211563102900982
0.01241983100771904 0.037230078130960464 0.030906518921256065
0.006686878856271505 0.05941169708967209 0.06165507808327675
0.007765737362205982 0.04000388830900192 0.03857307508587837
0.005983912386000156 0.019620226696133614 0.01776091195642948
0.0057978699915111065 0.027562277391552925 0.028174007311463356
0.007913986220955849 0.05680146813392639 0.054666999727487564
0.005687684286385775 0.021247530356049538 0.019846290349960327
0.007055225316435099 0.029550394043326378 0.0268574096262455
0.00860069040209055 0.021306680515408516 0.022557957097887993
0.008175658993422985 0.03861593082547188 0.037013933062553406
0.005769351031631231 0.07036186754703522 0.06990785896778107
0.009454731829464436 0.03097166307270527 0.027545249089598656
0.008029949851334095 0.024703966453671455 0.02545090951025486
0.006226638797670603 0.03845936059951782 0.03313266113400459
0.008336144499480724 0.025518810376524925 0.019839180633425713
0.007402717601507902 0.016173340380191803 0.017411962151527405
0.007799116428941488 0.03036106750369072 0.02384260855615139
0.007073205895721912 0.034971654415130615 0.030034800991415977
0.005003518890589476 0.003448670729994774 0.0034945048391819
0.005784905981272459 0.021687105298042297 0.019670937210321426
0.005388625431805849 0.0763501226902008 0.07448710501194
0.0066377571783959866 0.009766368195414543 0.011614678427577019
0.006187234073877335 0.01592918299138546 0.016285086050629616
0.00913500227034092 0.01598193123936653 0.01583094522356987
0.004651559982448816 0.047011494636535645 0.04266917333006859
0.008939472958445549 0.014880632981657982 0.012928079813718796
0.003945887554436922 0.014495406299829483 0.016330929473042488
0.0042791408486664295 0.10382866859436035 0.10367117077112198
0.005406118463724852 0.03441723808646202 0.035862017422914505
0.004240315407514572 0.015674501657485962 0.017789946869015694
0.004672321956604719 0.12254542112350464 0.12164536118507385
0.004645589739084244 0.04564083740115166 0.04478191211819649
0.005665614735335112 0.033538203686475754 0.03303060680627823
0.005803657695651054 0.018959268927574158 0.016387712210416794
0.005100609268993139 0.004162060096859932 0.004660848528146744
0.004714676644653082 0.006375445052981377 0.00781235471367836
0.0047503868117928505 0.04493483528494835 0.046224091202020645
0.003932888153940439 0.026413308456540108 0.026578346267342567
0.005468585528433323 0.0395265631377697 0.0362403579056263
0.005453266203403473 0.007278475910425186 0.010277532041072845
0.007918955758213997 0.031107842922210693 0.03161018714308739
0.008999304845929146 0.035705968737602234 0.03270482271909714
0.008159749209880829 0.025293026119470596 0.039365530014038086
0.007949119433760643 0.08866284787654877 0.07623172551393509
0.00508181331679225 0.05386847257614136 0.05092029273509979
0.006077219732105732 0.027247179299592972 0.03216185420751572
0.00841214507818222 0.010552920401096344 0.014022363349795341
0.009984413161873817 0.0716976672410965 0.06987198442220688
0.013762413524091244 0.02384769357740879 0.024796703830361366
0.004576160106807947 0.009893754497170448 0.01039428822696209
0.004385053645819426 0.011779110878705978 0.016092613339424133
0.004467702936381102 0.012951057404279709 0.00994935818016529
0.004137127660214901 0.05444982647895813 0.05726825073361397
0.005276269745081663 0.011609451845288277 0.01630380004644394
0.003927487414330244 0.04621632769703865 0.0516783632338047
0.005996983032673597 0.003690999001264572 0.004288099706172943
0.004607973154634237 0.018120795488357544 0.014007408171892166
0.004535633604973555 0.009629471227526665 0.013274239376187325
0.005521080922335386 0.021645355969667435 0.023983940482139587
0.0049358634278178215 0.019280070438981056 0.02526172623038292
0.007180541753768921 0.00708584301173687 0.008304096758365631
0.004883360583335161 0.051557064056396484 0.04575304314494133
0.00434233620762825 0.015620207414031029 0.022073490545153618
0.006469327490776777 0.01934019662439823 0.023224689066410065
0.0045198979787528515 0.006589364260435104 0.0076642632484436035
0.004702836740761995 0.08025907725095749 0.08608092367649078
0.005863574333488941 0.06410111486911774 0.06811165064573288
0.005873235408216715 0.0643564909696579 0.06197221577167511
0.005980892106890678 0.04807589203119278 0.04775755852460861
0.0076630935072898865 0.07061317563056946 0.07573074102401733
0.005110315978527069 0.020250052213668823 0.0207722969353199
0.006455206777900457 0.02328830398619175 0.025676341727375984
0.007034169975668192 0.0270233117043972 0.0251785721629858
0.008014515042304993 0.02721194364130497 0.024772267788648605
0.0029828946571797132 0.07160292565822601 0.062095265835523605
0.003397949505597353 0.005811437964439392 0.007883187383413315
0.00419704569503665 0.08168420195579529 0.0867185890674591
0.004468399100005627 0.009015694260597229 0.012881988659501076
0.003765515284612775 0.006833430379629135 0.010342912748456001
0.004883251618593931 0.016092073172330856 0.020843230187892914
0.004310464020818472 0.008038058876991272 0.007816489785909653
0.0038421840872615576 0.013733863830566406 0.017317481338977814
0.003538954770192504 0.016871262341737747 0.01997562125325203
0.004904330242425203 0.021338609978556633 0.019674114882946014
0.003651389619335532 0.018144696950912476 0.01568443514406681
0.0030853194184601307 0.029033729806542397 0.028881259262561798
0.0036183339543640614 0.005811698734760284 0.006124453619122505
0.004252912476658821 0.010128345340490341 0.010651946067810059
