0.019002307206392288 1.4639912843704224 1.4921562671661377
0.009879738092422485 0.05707835033535957 0.05633263289928436
0.008698980323970318 0.05747170373797417 0.05553613603115082
0.013965013436973095 0.03433951735496521 0.03118903562426567
0.007928078062832355 0.07532743364572525 0.07589314877986908
0.008923368528485298 0.06924338638782501 0.06329788267612457
0.008053982630372047 0.12369140982627869 0.10947627574205399
0.009184283204376698 0.022289376705884933 0.026710163801908493
0.008182579651474953 0.053282178938388824 0.049637410789728165
0.007017442490905523 0.032885242253541946 0.02594178542494774
0.0057992045767605305 0.09295734018087387 0.08998401463031769
0.005387851502746344 0.02433791197836399 0.02297648973762989
0.0050102160312235355 0.04882163554430008 0.05091708526015282
0.005466172471642494 0.04328048229217529 0.04190961644053459
0.005606390070170164 0.10424810647964478 0.10222237557172775
0.004687685519456863 0.03605542704463005 0.0374101884663105
0.005339715164154768 0.06407374143600464 0.07930658012628555
0.005339288152754307 0.050689466297626495 0.03930457681417465
0.006725916173309088 0.016649607568979263 0.016531089320778847
0.004720509517937899 0.048466019332408905 0.04359731450676918
0.004275789950042963 0.009845821186900139 0.010606274008750916
0.005556456744670868 0.013312766328454018 0.014650516211986542
0.0036259398330003023 0.023028625175356865 0.02394700236618519
0.0055137998424470425 0.038962963968515396 0.03249267116189003
0.008003759197890759 0.04567088931798935 0.0578039288520813
