0.021260974928736687 1.5160609483718872 1.5116230249404907
0.007416988257318735 0.145271897315979 0.14147794246673584
0.009934226982295513 0.06215544417500496 0.06260654330253601
0.010331492871046066 0.0276772640645504 0.030299529433250427
0.010616320185363293 0.10860347747802734 0.12654349207878113
0.011563298292458057 0.010279834270477295 0.015343278646469116
0.014044620096683502 0.14462289214134216 0.1417093575000763
0.00951449666172266 0.04697411507368088 0.04010646417737007
0.012765143997967243 0.035543788224458694 0.024720534682273865
0.009098215028643608 0.057707399129867554 0.058924730867147446
0.009044702164828777 0.15437661111354828 0.14958420395851135
0.007933895103633404 0.017845463007688522 0.015535283833742142
0.009944282472133636 0.027306100353598595 0.022031515836715698
0.00785026978701353 0.025271087884902954 0.021587826311588287
0.01100903656333685 0.02712969109416008 0.021338514983654022
0.005644594319164753 0.1967792809009552 0.20151162147521973
0.010472542606294155 0.10598479211330414 0.10100860893726349
0.006147586274892092 0.016678892076015472 0.01602034643292427
0.007781554013490677 0.09242188930511475 0.08713564276695251
0.007256575860083103 0.03984981030225754 0.04978945851325989
0.008329137228429317 0.030940160155296326 0.019773155450820923
0.01277075707912445 0.0646425411105156 0.06579931080341339
0.009720413945615292 0.017268400639295578 0.0180344358086586
0.011712813749909401 0.009380746632814407 0.008209563791751862
0.007352146785706282 0.051509562879800797 0.044447705149650574
0.008082649670541286 0.022828873246908188 0.0276387557387352
0.005656120833009481 0.041729871183633804 0.0397963747382164
0.0047457339242100716 0.09340435266494751 0.09003382921218872
0.0062469723634421825 0.028939437121152878 0.03549937158823013
0.007470129523426294 0.030677203088998795 0.025272119790315628
0.005478056613355875 0.016557350754737854 0.019125595688819885
0.007735903840512037 0.08913732320070267 0.09113959968090057
0.004635471384972334 0.030499111860990524 0.025391966104507446
0.006352141499519348 0.00523718073964119 0.005497325211763382
0.007946435362100601 0.06027544289827347 0.07657482475042343
0.007550884038209915 0.04835779592394829 0.042549826204776764
0.007617935538291931 0.07685739547014236 0.08495806902647018
0.00523200910538435 0.021427564322948456 0.023639854043722153
0.006832348648458719 0.005425572395324707 0.005455818027257919
0.005973830819129944 0.09136682003736496 0.09274016320705414
0.007531363051384687 0.013551328331232071 0.010711945593357086
0.007665717508643866 0.11094004660844803 0.11664494127035141
0.008652010932564735 0.016672436147928238 0.01438368484377861
0.007958236150443554 0.02436351403594017 0.03556003421545029
0.006482654716819525 0.023928344249725342 0.023759614676237106
0.00909087061882019 0.03611738607287407 0.033213160932064056
0.005876955576241016 0.018059775233268738 0.018604286015033722
0.008263624273240566 0.1413240134716034 0.16525650024414062
0.005648078862577677 0.01968291401863098 0.019041795283555984
0.00790086854249239 0.06796979904174805 0.07177218794822693
0.007221738342195749 0.02354985848069191 0.020972508937120438
0.008881041780114174 0.02390400320291519 0.020688407123088837
0.007102088071405888 0.07134382426738739 0.0513434112071991
0.006390741560608149 0.07491451501846313 0.08595044165849686
0.005832009483128786 0.031656596809625626 0.03412611782550812
0.006464047823101282 0.04775106906890869 0.03853404521942139
0.0092508839443326 0.05292348563671112 0.03642189875245094
0.006579312961548567 0.052984509617090225 0.05944756790995598
0.005629550665616989 0.029262710362672806 0.011377420276403427
0.004653686657547951 0.010021764785051346 0.009333591908216476
0.008842083625495434 0.014716703444719315 0.011779673397541046
0.00705599132925272 0.01960587128996849 0.012903474271297455
0.00483375508338213 0.010914526879787445 0.010537378489971161
0.005323166027665138 0.010610338300466537 0.0104324109852314
0.008245750330388546 0.014699980616569519 0.012721788138151169
0.005713182967156172 0.008597508072853088 0.008828487247228622
0.00590924546122551 0.05418400838971138 0.05551578104496002
0.006757290102541447 0.02106022834777832 0.018139895051717758
0.009420251473784447 0.014913447201251984 0.021264752373099327
0.00732078030705452 0.014559507369995117 0.013383060693740845
0.006550975143909454 0.060363151133060455 0.03923964872956276
0.009046864695847034 0.05982685834169388 0.07755865901708603
0.00831113662570715 0.040939271450042725 0.034064628183841705
0.005477420520037413 0.028284955769777298 0.02227773889899254
0.005664613097906113 0.011339347809553146 0.01346823200583458
0.006656610406935215 0.007783111184835434 0.009176507592201233
0.007900405675172806 0.02840029075741768 0.03634725511074066
0.005394238978624344 0.027370039373636246 0.026418248191475868
0.0033079280983656645 0.013038992881774902 0.011867251247167587
0.005230942741036415 0.06916055828332901 0.04990575835108757
0.006994977593421936 0.012561175972223282 0.010901320725679398
0.006203460972756147 0.08578258752822876 0.07352843880653381
0.008385829627513885 0.05577578768134117 0.03970217704772949
0.009199099615216255 0.01902415230870247 0.015307657420635223
0.006754131522029638 0.037217263132333755 0.04163574427366257
0.007032616529613733 0.007509071379899979 0.010554950684309006
0.008301734924316406 0.012690894305706024 0.015126124024391174
0.006047540809959173 0.09656146913766861 0.09988009184598923
0.009870180860161781 0.01289982721209526 0.009653568267822266
0.006344951689243317 0.006822425872087479 0.00795285776257515
0.008654356002807617 0.12580612301826477 0.15216845273971558
0.006605762522667646 0.010115094482898712 0.01248224452137947
0.006877018604427576 0.0804884061217308 0.08225271850824356
0.008135494776070118 0.014775633811950684 0.01226809248328209
0.007373090833425522 0.03383059799671173 0.031041815876960754
0.003995581995695829 0.012218412011861801 0.02104373276233673
0.006323206704109907 0.05142113193869591 0.06195462867617607
0.007548301946371794 0.013664700090885162 0.01357460767030716
0.005612747278064489 0.0682956874370575 0.06099075824022293
0.0033377029467374086 0.017041869461536407 0.012950606644153595
0.004545535426586866 0.020800024271011353 0.026210609823465347
0.0051422989927232265 0.003407493233680725 0.005528341978788376
0.003983506467193365 0.020952463150024414 0.024903859943151474
0.004474314860999584 0.03358129784464836 0.037907883524894714
0.003549370914697647 0.027625881135463715 0.028069596737623215
0.005666692741215229 0.0060581788420677185 0.006629854440689087
0.007154433522373438 0.030613131821155548 0.031016673892736435
0.005885730497539043 0.10709883272647858 0.11099591106176376
0.004729118198156357 0.054128073155879974 0.05887240916490555
0.004609634634107351 0.008486051112413406 0.005685679614543915
0.004382844548672438 0.045313164591789246 0.050056908279657364
0.004366995766758919 0.023931894451379776 0.02218574285507202
0.006683995481580496 0.011022768914699554 0.014433808624744415
0.005275992210954428 0.009880729019641876 0.01368984580039978
0.0029990989714860916 0.008506916463375092 0.006513193249702454
0.005758627783507109 0.005147702991962433 0.008918683975934982
0.007795275654643774 0.008197005838155746 0.011760901659727097
0.0037587571423500776 0.010219797492027283 0.008600659668445587
0.004446540959179401 0.01284748688340187 0.015244107693433762
0.004987126681953669 0.012951623648405075 0.018262233585119247
0.002650712849572301 0.003353893756866455 0.003292970359325409
0.0034047558438032866 0.015716612339019775 0.018694929778575897
0.0026966137811541557 0.02984236553311348 0.02848163992166519
0.0038951709866523743 0.036063313484191895 0.03618592768907547
0.007306174840778112 0.008258100599050522 0.009002741426229477
0.0043494501151144505 0.003391765058040619 0.00404784083366394
0.0063506364822387695 0.0037642866373062134 0.005169861018657684
0.009051176719367504 0.004403375089168549 0.006613515317440033
0.005543833132833242 0.023190215229988098 0.029024995863437653
0.004031888209283352 0.009860403835773468 0.012033648788928986
0.004595760256052017 0.01417456939816475 0.009428340941667557
0.004384318832308054 0.021655570715665817 0.01823411136865616
0.0022501100320369005 0.03509683534502983 0.037768855690956116
0.004571507219225168 0.01605808362364769 0.022421743720769882
0.004453207831829786 0.030360210686922073 0.035741426050662994
0.0027386832516640425 0.02117859572172165 0.02231711521744728
0.0044358535669744015 0.006415106356143951 0.006807833909988403
0.0028490331023931503 0.054941825568675995 0.0563417486846447
0.003861021716147661 0.02154775708913803 0.02114815264940262
0.005775259342044592 0.01884590834379196 0.026054013520479202
0.00438213674351573 0.045204490423202515 0.03882605955004692
0.0037895955611020327 0.029371585696935654 0.03382465988397598
0.0054086181335151196 0.007550019770860672 0.006055712699890137
0.0038377083837985992 0.013143256306648254 0.009984463453292847
0.00381093961186707 0.00367756187915802 0.003857135772705078
0.006142466329038143 0.042188480496406555 0.03985898196697235
0.004824877716600895 0.030403509736061096 0.035207830369472504
0.005190303083509207 0.05958222597837448 0.05522377789020538
0.003550637513399124 0.006228066980838776 0.0066963061690330505
0.005036630667746067 0.0454363115131855 0.04101051762700081
0.005425316281616688 0.019270706921815872 0.025183528661727905
0.003267943160608411 0.03220092132687569 0.02569197118282318
0.004944877233356237 0.03042471408843994 0.02715831622481346
0.003308285027742386 0.009863648563623428 0.01343386247754097
0.003934914246201515 0.0904475748538971 0.09173878282308578
0.005566138308495283 0.0186462439596653 0.02834596298635006
0.0023364785593003035 0.004718102514743805 0.0063950419425964355
0.006201031152158976 0.005433999001979828 0.006040260195732117
0.006868306547403336 0.01597442850470543 0.009905051440000534
0.00371291721239686 0.020671367645263672 0.024938151240348816
0.004873532336205244 0.013109765946865082 0.009060978889465332
0.0037336349487304688 0.014669053256511688 0.014466848224401474
0.003013152629137039 0.004465855658054352 0.004148654639720917
0.005628741346299648 0.01579783484339714 0.017890851944684982
0.007752501871436834 0.02403460443019867 0.016962356865406036
0.0033640884794294834 0.0043587833642959595 0.0034122392535209656
0.003057831199839711 0.0780731663107872 0.06417810171842575
0.002737984526902437 0.00420660525560379 0.0030712932348251343
0.004599557723850012 0.013937190175056458 0.018397189676761627
0.004124706145375967 0.03207842633128166 0.0211339108645916
0.004347840789705515 0.021358661353588104 0.026131384074687958
0.006089217495173216 0.008503373712301254 0.007755696773529053
0.003668007208034396 0.007253505289554596 0.011899016797542572
0.006763462908565998 0.004073150455951691 0.003906697034835815
0.006864796858280897 0.009517349302768707 0.0076653361320495605
0.004751161672174931 0.018827397376298904 0.018690697848796844
0.0039511797949671745 0.016551870852708817 0.022165002301335335
0.005267418455332518 0.0034694820642471313 0.0026901960372924805
0.0041093179024755955 0.006589323282241821 0.0037063583731651306
0.005796435289084911 0.02003452554345131 0.023669712245464325
0.004967931192368269 0.00394691526889801 0.004736986011266708
0.00594728859141469 0.010229021310806274 0.01496955007314682
0.006374732591211796 0.03686705231666565 0.028325360268354416
0.007012497168034315 0.01334284245967865 0.014371611177921295
0.007238958962261677 0.015677236020565033 0.016216356307268143
0.005970044061541557 0.0070494189858436584 0.005099378526210785
0.008760728873312473 0.017910704016685486 0.01796933263540268
0.009234631434082985 0.011913977563381195 0.010875150561332703
0.010115898214280605 0.0023762136697769165 0.0031581223011016846
0.012625284492969513 0.009022153913974762 0.01049555093050003
0.012210979126393795 0.009882692247629166 0.013471432030200958
0.005156543105840683 0.014864057302474976 0.010021112859249115
0.005809372290968895 0.07291825115680695 0.06598731130361557
0.0035553236957639456 0.05089680850505829 0.05345361307263374
0.005711148027330637 0.011040866374969482 0.014024779200553894
0.0040263831615448 0.08814520388841629 0.08759886771440506
0.007708005141466856 0.008889049291610718 0.008309602737426758
0.0061109126545488834 0.17392310500144958 0.192805677652359
0.0038248777855187654 0.016901984810829163 0.021609734743833542
0.0036258853506296873 0.003548465669155121 0.0036230310797691345
0.004369079601019621 0.016406208276748657 0.017233438789844513
0.003519583959132433 0.0045157745480537415 0.0029493793845176697
0.004663349594920874 0.0019754543900489807 0.0016823410987854004
0.006373177748173475 0.014507688581943512 0.01584009826183319
0.00355303892865777 0.006772398948669434 0.005670361220836639
0.005860752891749144 0.03904125094413757 0.04013577103614807
0.006295001599937677 0.04250134527683258 0.031810346990823746
0.008709155023097992 0.007762964814901352 0.006189268082380295
0.0035763054620474577 0.016543153673410416 0.009836293756961823
0.006167244166135788 0.012109175324440002 0.006756328046321869
0.006215384230017662 0.02982713282108307 0.02997000142931938
0.009699351154267788 0.026065003126859665 0.02529139071702957
0.0036136487033218145 0.010596223175525665 0.00977284088730812
0.005413721781224012 0.030593350529670715 0.0176398828625679
0.005398944951593876 0.06024276837706566 0.06397800147533417
0.004588885698467493 0.01339910551905632 0.010588210076093674
0.004191610962152481 0.02056187205016613 0.020963488146662712
0.003499156329780817 0.016769692301750183 0.018440265208482742
0.005528696347028017 0.0035666003823280334 0.0030977874994277954
0.007883790880441666 0.010984577238559723 0.008799541741609573
0.007951047271490097 0.0053556933999061584 0.0030391141772270203
0.007578237447887659 0.007351849228143692 0.009329482913017273
0.007761057000607252 0.005841255187988281 0.009911667555570602
0.009693398140370846 0.005214370787143707 0.0036736056208610535
0.0067551881074905396 0.0283980593085289 0.020851511508226395
0.009532093070447445 0.017095360904932022 0.011983264237642288
0.005611864384263754 0.00318753719329834 0.00212252140045166
0.0025651806499809027 0.012425407767295837 0.008042767643928528
0.003930315375328064 0.006009601056575775 0.006748609244823456
0.0018052272498607635 0.027692582458257675 0.026043754070997238
0.002851080382242799 0.00802268460392952 0.008396647870540619
0.003641263348981738 0.004617922008037567 0.003996267914772034
0.005062364973127842 0.015719853341579437 0.012944154441356659
0.0042603774927556515 0.0669294148683548 0.0591607466340065
0.003665441647171974 0.013227351009845734 0.01752345636487007
0.005439297296106815 0.004717517644166946 0.005133010447025299
0.0037442483007907867 0.010954942554235458 0.011948999017477036
0.006235666573047638 0.04293425381183624 0.05094800889492035
0.004236237611621618 0.0022203102707862854 0.001685217022895813
0.0052267382852733135 0.00715690478682518 0.010135728865861893
