0.020137300714850426 1.4429124593734741 1.440015435218811
0.009119180031120777 0.08400282263755798 0.07917901128530502
0.009384313598275185 0.0365276075899601 0.032968346029520035
0.01113382913172245 0.03418950363993645 0.04155811294913292
0.0077617899514734745 0.030588291585445404 0.03477538377046585
0.011701728217303753 0.09105843305587769 0.0838003158569336
0.006766280625015497 0.028069470077753067 0.021156951785087585
0.007007565349340439 0.019102128222584724 0.01859007030725479
0.007468582596629858 0.013862891122698784 0.012978618033230305
0.0065084039233624935 0.07579585909843445 0.0726788341999054
0.006765761878341436 0.04351828619837761 0.04673115164041519
0.007314551156014204 0.03090480901300907 0.031413234770298004
0.005785155575722456 0.028903057798743248 0.033145878463983536
0.007304423954337835 0.06006775051355362 0.054461341351270676
0.008893377147614956 0.062260109931230545 0.05135652795433998
0.007245501037687063 0.05328510329127312 0.043319083750247955
0.004695802927017212 0.028864344581961632 0.02611125446856022
0.00697027612477541 0.023129967972636223 0.022434385493397713
0.006987764034420252 0.05059906840324402 0.04390266165137291
0.006894658785313368 0.036479927599430084 0.03828297182917595
0.007753846235573292 0.017174800857901573 0.019699102267622948
0.006814299616962671 0.013064168393611908 0.01183800958096981
0.006628143135458231 0.053209803998470306 0.05491658300161362
0.004953587893396616 0.01747974194586277 0.01677415519952774
0.005622313357889652 0.021189315244555473 0.021906841546297073
0.007164405193179846 0.016893761232495308 0.014993561431765556
