0.019054340198636055 1.4571945667266846 1.504224181175232
0.006135479547083378 0.09293193370103836 0.0948236733675003
0.007300014141947031 0.028555389493703842 0.03049631230533123
0.012929893098771572 0.07520449906587601 0.05997052043676376
0.0077940053306519985 0.03584059700369835 0.03809303045272827
0.010444765910506248 0.0553034283220768 0.059134047478437424
0.00775188347324729 0.04834943264722824 0.04459172487258911
0.008067027665674686 0.07182042300701141 0.07253900915384293
0.009079212322831154 0.032730553299188614 0.041274119168519974
0.006513150874525309 0.010831210762262344 0.010106202214956284
0.007552966475486755 0.036464348435401917 0.02941947616636753
0.008089134469628334 0.04706543684005737 0.044227976351976395
0.007833421230316162 0.05286456644535065 0.04999900236725807
0.004689016845077276 0.0365874320268631 0.03895377367734909
0.007143200840801001 0.0596126914024353 0.055068667978048325
0.0048362179659307 0.015317998826503754 0.016171088442206383
