0.019538436084985733 1.4337635040283203 1.4272935390472412
0.006587281357496977 0.039037883281707764 0.03579215705394745
0.013000154867768288 0.141122967004776 0.13080069422721863
0.009694153442978859 0.09980452060699463 0.0898219421505928
0.009695707820355892 0.03439895436167717 0.02932332269847393
0.008487853221595287 0.05604863166809082 0.06139739975333214
0.008946748450398445 0.04258734732866287 0.038835618644952774
0.007846281863749027 0.0948190838098526 0.09915205836296082
0.00704035023227334 0.039141375571489334 0.03475162386894226
0.0076918588019907475 0.05934888496994972 0.06313586235046387
0.006478413939476013 0.030474847182631493 0.029660342261195183
0.005761393345892429 0.03420951962471008 0.03355424851179123
0.006344535853713751 0.08730339258909225 0.08992430567741394
0.00794233288615942 0.04112992063164711 0.041827164590358734
0.007281868252903223 0.019348647445440292 0.018308913335204124
0.0046007814817130566 0.05699821561574936 0.04954027757048607
0.006994807627052069 0.01581333391368389 0.0180414617061615
0.006792222615331411 0.016533616930246353 0.018980327993631363
0.006841018330305815 0.027262333780527115 0.026016879826784134
0.005310533102601767 0.027151143178343773 0.023287221789360046
