0.019098849967122078 1.440163493156433 1.4459844827651978
0.00812435057014227 0.11986631155014038 0.11671137064695358
0.009668814949691296 0.10445091873407364 0.11192460358142853
0.01261389721184969 0.07178710401058197 0.07181303203105927
0.008556650951504707 0.05831778794527054 0.06594403833150864
0.011860187165439129 0.043655071407556534 0.04543980956077576
0.0098024383187294 0.02993295155465603 0.02759847231209278
0.009893822483718395 0.051238466054201126 0.048147428780794144
0.006976801436394453 0.02171226590871811 0.024186965078115463
0.007424636278301477 0.049305327236652374 0.04496243968605995
0.007334622088819742 0.02670418843626976 0.02525128610432148
