0.019178003072738647 1.4536185264587402 1.471625566482544
0.009499753825366497 0.05858738720417023 0.060271840542554855
0.008321761153638363 0.09118548035621643 0.09525586664676666
0.01237490400671959 0.026138147339224815 0.024877848103642464
0.007780362851917744 0.06771061569452286 0.07971548289060593
0.007867413572967052 0.04787138104438782 0.04430210590362549
0.00964878685772419 0.038825277239084244 0.035801950842142105
0.005089202430099249 0.043331898748874664 0.04672522097826004
0.0095673818141222 0.03925628960132599 0.03502022847533226
0.00910327211022377 0.1435769945383072 0.13851602375507355
