0.03389790654182434 2.33394455909729 2.3459415435791016
0.031749699264764786 2.301084518432617 2.3095881938934326
0.0331910215318203 2.347308874130249 2.280543565750122
0.03244299814105034 2.1972107887268066 2.336570978164673
0.03257223591208458 2.2200167179107666 2.258317470550537
0.031759630888700485 2.2165069580078125 2.2092413902282715
0.03292584419250488 2.133981943130493 2.168961763381958
0.03288924694061279 2.1024272441864014 2.111044406890869
0.03267509117722511 2.0160510540008545 1.973887324333191
0.035136546939611435 2.007871389389038 2.0255801677703857
0.03570082411170006 1.882167935371399 1.9337948560714722
0.038052476942539215 1.8109418153762817 1.830160140991211
0.03711458668112755 1.7831476926803589 1.802659511566162
0.036428868770599365 1.7580775022506714 1.8205361366271973
0.039756204932928085 1.678778052330017 1.7480612993240356
0.04257580637931824 1.7194424867630005 1.7517414093017578
0.04484323412179947 1.5491721630096436 1.6271377801895142
0.047282468527555466 1.6124995946884155 1.5975183248519897
0.04998238384723663 1.332783579826355 1.393032193183899
0.04801052808761597 1.5262261629104614 1.6432750225067139
0.04825247451663017 1.3825052976608276 1.4748327732086182
0.04766157642006874 1.5354194641113281 1.5109127759933472
0.046750351786613464 1.3977484703063965 1.438420295715332
0.04966871067881584 1.3306008577346802 1.3355321884155273
0.053764909505844116 1.3088456392288208 1.2818043231964111
0.047289200127124786 1.2727514505386353 1.2721467018127441
0.056549787521362305 1.3526633977890015 1.4055273532867432
0.05245170742273331 1.1387403011322021 1.2989310026168823
0.05596017837524414 1.2276397943496704 1.172092080116272
0.055950988084077835 1.054466962814331 1.1350880861282349
0.05544674023985863 1.301181435585022 1.1787114143371582
0.057547297328710556 1.2801930904388428 1.2528235912322998
0.05584576353430748 1.0874042510986328 0.9655898809432983
0.054747093468904495 1.0983431339263916 1.0866671800613403
0.06182580068707466 0.9853267073631287 0.9194567799568176
0.055482733994722366 0.9786173105239868 0.9643790125846863
0.06463337689638138 0.9234127998352051 0.9421849250793457
0.05834471061825752 0.960737407207489 1.0142931938171387
0.059731047600507736 0.881788432598114 0.9205287098884583
0.055875468999147415 0.9644924998283386 0.8761630654335022
0.05775461345911026 0.9789639115333557 0.9801561832427979
0.06681834906339645 0.9839378595352173 0.9423173069953918
0.06445872038602829 0.9722355604171753 1.020723581314087
0.06122457608580589 0.7392361164093018 0.7710620164871216
0.06047067791223526 0.8156236410140991 0.8352307081222534
0.06015244871377945 0.9957030415534973 0.8878557682037354
0.07186080515384674 0.9094278216362 0.7774490714073181
0.06609340757131577 0.8893535137176514 0.7722734212875366
0.06324807554483414 0.8008595705032349 0.7608674764633179
0.06609535962343216 0.7207435369491577 0.7620682716369629
0.06661807745695114 0.8275038599967957 0.862849771976471
0.06427889317274094 0.9167879819869995 0.730677604675293
0.06258487701416016 0.873423159122467 0.9330435991287231
0.06813361495733261 0.8690912127494812 0.8568191528320312
0.05984363704919815 0.8635262250900269 0.7830113768577576
0.0604102723300457 0.7982731461524963 0.7921167016029358
0.06140594556927681 0.8222134709358215 0.7872461676597595
0.06636416167020798 0.7651500105857849 0.6788843870162964
0.06264664232730865 0.6625438332557678 0.7322489023208618
0.06753223389387131 0.7547951936721802 0.5934574604034424
0.06317537277936935 0.7299844026565552 0.7254132032394409
0.07046979665756226 0.7060078382492065 0.6673863530158997
0.06020224094390869 0.7429646253585815 0.8657499551773071
0.0589095838367939 0.7139462828636169 0.767590343952179
0.06136566027998924 0.799490213394165 0.7384803891181946
0.059067487716674805 0.7422245740890503 0.7394225001335144
0.06379979103803635 0.7119190096855164 0.5843960642814636
0.06578651815652847 0.7475380897521973 0.851927638053894
0.06297007948160172 0.7531360983848572 0.7712525725364685
0.06774326413869858 0.7587348818778992 0.7544209957122803
0.060118820518255234 0.7370669841766357 0.6323179006576538
0.06309475004673004 0.6419563293457031 0.6324926018714905
0.05869246646761894 0.6909270286560059 0.7219598889350891
0.05982813239097595 0.7361888885498047 0.6950610280036926
0.061745334416627884 0.6315283179283142 0.7272939085960388
0.06684215366840363 0.6278069019317627 0.5750899910926819
0.06255226582288742 0.6277614831924438 0.6194918751716614
0.06508716940879822 0.7699546217918396 0.6847785711288452
0.05905626341700554 0.6089348793029785 0.529922604560852
0.06278377026319504 0.7854774594306946 0.783436119556427
0.06356729567050934 0.6814904808998108 0.6692774295806885
0.06762997061014175 0.8054718375205994 0.818610429763794
0.06073857471346855 0.5292925834655762 0.5565845966339111
0.06577803194522858 0.6842310428619385 0.6530300378799438
0.06060796603560448 0.6300317049026489 0.6942296028137207
0.05725736543536186 0.5627592206001282 0.5416737794876099
0.060508884489536285 0.768113374710083 0.5952595472335815
0.05885767564177513 0.8179388046264648 0.8420740962028503
0.060439933091402054 0.6743040084838867 0.5880487561225891
0.06014716625213623 0.48149004578590393 0.45377323031425476
0.06153649091720581 0.6336623430252075 0.5683739185333252
0.050553739070892334 0.7227106094360352 0.6696468591690063
0.05199594423174858 0.6275184154510498 0.5565754175186157
0.058772217482328415 0.4615159332752228 0.4343929886817932
0.06323498487472534 0.6990671157836914 0.6359397172927856
0.05838712677359581 0.8483322858810425 0.8321918845176697
0.05297807604074478 0.6531208157539368 0.6771422028541565
0.06034078821539879 0.5840797424316406 0.6546145081520081
0.05907384306192398 0.6193459630012512 0.5471549034118652
0.058101873844861984 0.6998554468154907 0.5850021839141846
0.05954352766275406 0.5806272625923157 0.592375636100769
0.055525410920381546 0.5967733263969421 0.469145268201828
0.058125924319028854 0.6876508593559265 0.6974242925643921
0.06026251241564751 0.5988909602165222 0.5969996452331543
0.05758006498217583 0.5541624426841736 0.5215761661529541
0.0580562949180603 0.5191540122032166 0.5409224629402161
0.0574336051940918 0.6557809114456177 0.5751585960388184
0.05997573211789131 0.5984373092651367 0.40709349513053894
0.050207387655973434 0.5466105937957764 0.7025632262229919
0.05338723585009575 0.5437845587730408 0.5229541659355164
0.05343518406152725 0.7019087076187134 0.6116092801094055
0.05491490289568901 0.4807009994983673 0.4303262531757355
0.06627047061920166 0.6390932202339172 0.6425622701644897
0.06220036745071411 0.48830655217170715 0.5302683115005493
0.05287187173962593 0.5492425560951233 0.5019968152046204
0.05373936519026756 0.5827927589416504 0.5307329893112183
0.05571422725915909 0.7248634099960327 0.5829267501831055
0.06228876858949661 0.7080527544021606 0.7253821492195129
0.058272577822208405 0.6222789287567139 0.5943182110786438
0.05949285253882408 0.5187161564826965 0.47842228412628174
0.05686302110552788 0.4886045455932617 0.4979836642742157
0.05087672546505928 0.600551962852478 0.4175873398780823
0.06202596053481102 0.6510873436927795 0.6551213264465332
0.05770104005932808 0.7014456391334534 0.6928978562355042
0.05195509269833565 0.4163849353790283 0.5269287824630737
0.05964285135269165 0.5586809515953064 0.5348731875419617
0.055827654898166656 0.5478638410568237 0.5395786166191101
0.05279554799199104 0.6911582946777344 0.7042716145515442
0.052797187119722366 0.3616214990615845 0.3744635581970215
0.05272652581334114 0.5440239310264587 0.5471641421318054
0.051973916590213776 0.49805742502212524 0.5101860761642456
0.052798449993133545 0.8269837498664856 0.7552307844161987
0.05464848875999451 0.5847947001457214 0.5845704674720764
0.05868265777826309 0.652751088142395 0.6912186741828918
0.060934752225875854 0.5659720301628113 0.5843437910079956
0.059155501425266266 0.4824366271495819 0.5019823312759399
0.05601036176085472 0.6810988187789917 0.8066534996032715
0.05499625205993652 0.6640596985816956 0.5993842482566833
0.05226003751158714 0.5548313856124878 0.5096546411514282
0.05310536548495293 0.47209814190864563 0.5905462503433228
0.0557691715657711 0.5591380000114441 0.5681820511817932
0.05967670679092407 0.6326620578765869 0.5843416452407837
0.053153324872255325 0.6732586026191711 0.6637396812438965
0.05253501608967781 0.49024420976638794 0.43841469287872314
0.05423751473426819 0.48885753750801086 0.4945056736469269
0.06230657175183296 0.648155689239502 0.6750719547271729
0.04960703104734421 0.5302430987358093 0.49117353558540344
0.057836223393678665 0.38683435320854187 0.41040101647377014
0.05535189062356949 0.5044646859169006 0.5786685347557068
0.0557398796081543 0.7292280793190002 0.688107967376709
0.0547465980052948 0.5681582689285278 0.5162554979324341
0.05940370634198189 0.5135547518730164 0.5600361227989197
0.06251337379217148 0.5976142287254333 0.5375428795814514
0.05367380380630493 0.5018708109855652 0.3997288942337036
0.06515204161405563 0.45006492733955383 0.4155852496623993
0.05405948683619499 0.5214354991912842 0.4840529263019562
0.06107843667268753 0.6365458369255066 0.7345655560493469
0.060425568372011185 0.49525734782218933 0.44426479935646057
0.06280092895030975 0.36152490973472595 0.36762312054634094
0.054033663123846054 0.5866988301277161 0.497324675321579
0.05425894260406494 0.4978548586368561 0.43482354283332825
0.054924167692661285 0.4947706460952759 0.4110657870769501
0.05829192325472832 0.42342227697372437 0.5591073632240295
0.057554494589567184 0.5278393626213074 0.5286181569099426
0.04791655018925667 0.4603957533836365 0.40070897340774536
0.0512714684009552 0.32705041766166687 0.38084179162979126
0.046774692833423615 0.6470080614089966 0.5353443622589111
0.05349161848425865 0.45650729537010193 0.5238810181617737
0.047902874648571014 0.4804023504257202 0.4063977897167206
0.058498598635196686 0.3469463884830475 0.43570464849472046
0.06022932752966881 0.639072060585022 0.6085448265075684
0.057698752731084824 0.49202072620391846 0.6006629467010498
0.051322925835847855 0.6253455877304077 0.5855302214622498
0.05119958147406578 0.4988917112350464 0.49031978845596313
0.04418934881687164 0.5704214572906494 0.5350382328033447
0.054349686950445175 0.5228205919265747 0.5791275501251221
0.0493260994553566 0.32389283180236816 0.33306241035461426
0.051396358758211136 0.4985506236553192 0.4399714171886444
0.057537443935871124 0.4653072655200958 0.4684293270111084
0.05095944553613663 0.489343523979187 0.5023268461227417
0.05067259818315506 0.5828195214271545 0.6556344628334045
0.04515210911631584 0.5413428544998169 0.5375557541847229
0.045986831188201904 0.4856332540512085 0.43222612142562866
0.04561138153076172 0.542500913143158 0.5519610643386841
0.04645426943898201 0.46706250309944153 0.42104488611221313
0.05314614996314049 0.4722905457019806 0.44676655530929565
0.04679402336478233 0.5602869987487793 0.5703391432762146
0.04521717503666878 0.5226988792419434 0.44201359152793884
0.043241553008556366 0.35115575790405273 0.419028639793396
0.056566089391708374 0.43319374322891235 0.40890708565711975
0.04862191900610924 0.4133681356906891 0.4127912223339081
0.049296822398900986 0.36681511998176575 0.3254304528236389
0.05725475028157234 0.3467494547367096 0.2526869773864746
0.04670773819088936 0.5591523051261902 0.5759719014167786
0.048677440732717514 0.40833789110183716 0.37764036655426025
0.0436549186706543 0.5433894991874695 0.5630242228507996
0.05492491275072098 0.44368425011634827 0.44807541370391846
0.04872874543070793 0.4282505512237549 0.4451628625392914
0.0462595634162426 0.444680392742157 0.44101136922836304
0.04847206547856331 0.5779330730438232 0.5218674540519714
