0.031700629740953445 2.3370306491851807 2.3873331546783447
0.03181753307580948 2.12246036529541 2.130261182785034
0.033698637038469315 1.899917483329773 1.8523433208465576
0.035496342927217484 1.8190141916275024 1.8131874799728394
0.037552785128355026 1.6727263927459717 1.5635617971420288
0.04184000566601753 1.6214711666107178 1.5875903367996216
0.04623553901910782 1.4357439279556274 1.3817120790481567
0.04996004328131676 1.239310383796692 1.2621506452560425
0.05045131593942642 1.174979567527771 1.2062448263168335
0.05518525838851929 1.056296467781067 1.0454920530319214
0.05736139044165611 1.0336074829101562 0.96247398853302
0.06437317281961441 0.9823868274688721 1.0369257926940918
0.06451182812452316 0.8499261140823364 0.8325730562210083
0.06824038177728653 0.7660003304481506 0.737769603729248
0.06754850596189499 0.7140944600105286 0.6741381883621216
0.06753947585821152 0.7711537480354309 0.7351080775260925
0.07215967029333115 0.6832084655761719 0.6386392712593079
0.06877797842025757 0.5891166925430298 0.5683140754699707
0.08155439049005508 0.5010196566581726 0.46081939339637756
0.07775819301605225 0.5748104453086853 0.5686433911323547
0.07348038256168365 0.4756530225276947 0.3888060748577118
0.07952477037906647 0.3987158536911011 0.36896586418151855
0.08405675739049911 0.3652849793434143 0.3277924358844757
0.08138501644134521 0.38166362047195435 0.36157602071762085
0.08687364310026169 0.3623316287994385 0.33105188608169556
0.08342819660902023 0.32795771956443787 0.2886948585510254
0.08459403365850449 0.2855960726737976 0.19942893087863922
0.08214934170246124 0.26456955075263977 0.2829597592353821
0.08516382426023483 0.2655143141746521 0.2293108105659485
0.07763493806123734 0.2473897933959961 0.20809592306613922
0.08261866867542267 0.27728551626205444 0.2449796050786972
0.08717280626296997 0.20840321481227875 0.28718143701553345
0.0945059284567833 0.16898293793201447 0.1928761750459671
0.09301139414310455 0.22330185770988464 0.2709817588329315
0.08650781214237213 0.24135135114192963 0.220553457736969
0.08886134624481201 0.20934194326400757 0.175005704164505
0.0942235216498375 0.20968836545944214 0.22264501452445984
0.09332248568534851 0.11591603606939316 0.1475578248500824
0.08914754539728165 0.19867931306362152 0.17042405903339386
0.0931403636932373 0.17947757244110107 0.18987508118152618
0.09185726940631866 0.14227980375289917 0.2090650200843811
0.08970697224140167 0.17342130839824677 0.2203778475522995
0.09652712196111679 0.18800099194049835 0.16820813715457916
0.08937880396842957 0.18075402081012726 0.20581215620040894
0.09112563729286194 0.0852217823266983 0.09577155858278275
0.10141392797231674 0.12363686412572861 0.12168467789888382
0.09809138625860214 0.07796884328126907 0.08179367333650589
0.09304342418909073 0.1062866672873497 0.07939254492521286
0.09281808137893677 0.10577563941478729 0.11469466984272003
0.09705974161624908 0.11061457544565201 0.11138051003217697
0.09061875194311142 0.10711085796356201 0.08553637564182281
0.0963469073176384 0.10533611476421356 0.11146664619445801
0.09994006156921387 0.11817324906587601 0.09702710062265396
0.09269509464502335 0.08488503098487854 0.07223980873823166
0.1002705916762352 0.11534978449344635 0.11568991839885712
0.09868905693292618 0.07843029499053955 0.07424519956111908
0.08942814916372299 0.05428169667720795 0.07684855163097382
0.10175810009241104 0.08269938826560974 0.10484229773283005
0.10659954696893692 0.09591644257307053 0.06581941246986389
0.0902855396270752 0.07261282205581665 0.06425126641988754
0.09929021447896957 0.09924151003360748 0.08586335182189941
0.10086282342672348 0.09435738623142242 0.05532985180616379
0.08218008279800415 0.0695563554763794 0.05630255863070488
0.09930744022130966 0.06723332405090332 0.03919074684381485
0.09846296161413193 0.08670330047607422 0.05002894625067711
0.10227685421705246 0.07705031335353851 0.07241606712341309
0.09095364063978195 0.06182515621185303 0.0746893659234047
0.0964541956782341 0.09701766818761826 0.09089626371860504
0.10157843679189682 0.09050742536783218 0.08588431030511856
0.09814657270908356 0.06265118718147278 0.045438263565301895
0.10961569845676422 0.0492146760225296 0.05683591961860657
0.09859739243984222 0.08077936619520187 0.038792725652456284
0.09619780629873276 0.03370579704642296 0.03721584007143974
0.10006898641586304 0.09004104137420654 0.08506785333156586
0.10655631124973297 0.03492431342601776 0.059596579521894455
0.10411036014556885 0.06704774498939514 0.038087353110313416
0.09785734862089157 0.04980142414569855 0.0911983996629715
0.10658355057239532 0.0954880341887474 0.05349060893058777
0.10714989900588989 0.04103148728609085 0.043538935482501984
0.10002259165048599 0.033858709037303925 0.08253292739391327
0.0858847126364708 0.0867609828710556 0.02812972106039524
0.10036003589630127 0.03895537182688713 0.028128836303949356
0.10318779945373535 0.0458049550652504 0.0425715297460556
0.09769939631223679 0.06390808522701263 0.029901985079050064
0.09478553384542465 0.03700362890958786 0.026901952922344208
0.10319919884204865 0.12892845273017883 0.05770420283079147
0.0875185951590538 0.09136640280485153 0.044163692742586136
0.09572458267211914 0.03939010202884674 0.031464144587516785
0.08857085555791855 0.05261143669486046 0.057488009333610535
0.1057501807808876 0.03217950090765953 0.040359556674957275
0.09218110889196396 0.028120657429099083 0.03156594932079315
0.1014132872223854 0.05035201460123062 0.03132377564907074
0.09497344493865967 0.04626958444714546 0.032001711428165436
0.1013266071677208 0.021995658054947853 0.022971736267209053
0.10399246215820312 0.05185200273990631 0.030313696712255478
0.11170846223831177 0.02466522715985775 0.038877665996551514
0.1024210974574089 0.09530481696128845 0.04273504018783569
0.0992402732372284 0.06341025233268738 0.050548404455184937
0.09039997309446335 0.032788120210170746 0.0698578804731369
0.09580215066671371 0.029731011018157005 0.02836170233786106
0.08980200439691544 0.0345495231449604 0.04511255770921707
0.10193444788455963 0.026365898549556732 0.029687291011214256
0.09360915422439575 0.06078248471021652 0.023947469890117645
0.09264620393514633 0.05598898231983185 0.024106303229928017
0.10133123397827148 0.027912255376577377 0.03169530630111694
0.09432834386825562 0.06389586627483368 0.02796383574604988
0.10240940004587173 0.04082084447145462 0.044968754053115845
0.09343168884515762 0.02489810436964035 0.0209414754062891
0.09832622110843658 0.043090902268886566 0.03274673968553543
0.09762243181467056 0.014394234865903854 0.03723696991801262
0.09255693107843399 0.023205937817692757 0.038788385689258575
0.1052209883928299 0.026042496785521507 0.017737874761223793
0.09835505485534668 0.02953268028795719 0.01588151417672634
0.1020084023475647 0.08916392177343369 0.036051396280527115
0.09912554174661636 0.032037150114774704 0.02292764000594616
0.10724544525146484 0.029701566323637962 0.02003367803990841
0.0963427945971489 0.035856831818819046 0.01498720608651638
0.11624207347631454 0.060105107724666595 0.020067723467946053
0.09531712532043457 0.017271723598241806 0.015569480136036873
0.10080700367689133 0.028400704264640808 0.02905210480093956
0.09936017543077469 0.02498820424079895 0.044378846883773804
0.10802973806858063 0.014937308616936207 0.027330251410603523
0.09713389724493027 0.024245677515864372 0.035462766885757446
0.09838781505823135 0.013852819800376892 0.02254444919526577
0.10111277550458908 0.03243754804134369 0.015484405681490898
0.09552101045846939 0.019185317680239677 0.023605503141880035
0.09671030193567276 0.02685333788394928 0.022265994921326637
0.10573901981115341 0.028661632910370827 0.0183881726115942
0.08634746819734573 0.027336858212947845 0.02711518481373787
0.10021946579217911 0.019424689933657646 0.025357339531183243
0.09903563559055328 0.03015497326850891 0.02536166086792946
0.10352585464715958 0.02528415620326996 0.029579268768429756
0.09703602641820908 0.021486176177859306 0.01930164359509945
0.10793794691562653 0.02836790680885315 0.032984424382448196
0.09134823083877563 0.027284028008580208 0.015694983303546906
0.104558065533638 0.012705815024673939 0.022595567628741264
0.09910669922828674 0.024484077468514442 0.03223580867052078
0.1073203831911087 0.057074639946222305 0.011357130482792854
0.10698018223047256 0.019223665818572044 0.04579015076160431
0.09114431589841843 0.009061245247721672 0.01590091735124588
0.09704319387674332 0.014605043455958366 0.02345231920480728
0.09810355305671692 0.04141334816813469 0.013558628037571907
0.10085508972406387 0.017352834343910217 0.03788410872220993
0.09228332340717316 0.04957319051027298 0.03830777853727341
0.10722661018371582 0.051316604018211365 0.03771720454096794
0.10455658286809921 0.0156650859862566 0.011210579425096512
0.1119680404663086 0.01729225181043148 0.052817437797784805
0.10508964210748672 0.03407091274857521 0.03036493994295597
0.10706484317779541 0.017157308757305145 0.07493537664413452
0.10001039505004883 0.016707157716155052 0.014161964878439903
0.10666139423847198 0.017162255942821503 0.010856498032808304
0.12140832096338272 0.025984855368733406 0.04239531606435776
0.10388164967298508 0.016291510313749313 0.01628733240067959
0.10547411441802979 0.028704220429062843 0.019051525741815567
0.11459439992904663 0.027063574641942978 0.02316335216164589
0.10844296216964722 0.04468299821019173 0.0364333838224411
0.10656745731830597 0.028625400736927986 0.014949483796954155
0.10356005281209946 0.02357526309788227 0.01831650361418724
0.108577661216259 0.024701647460460663 0.018951112404465675
0.10652955621480942 0.015095626935362816 0.022936228662729263
0.09670697897672653 0.022589797154068947 0.009572908282279968
0.100770965218544 0.02105129137635231 0.04965033382177353
0.107232965528965 0.03481477499008179 0.016298210248351097
0.09331353008747101 0.02364044263958931 0.0206376314163208
0.1114511489868164 0.015125598758459091 0.009202146902680397
0.10426558554172516 0.018244948238134384 0.018183281645178795
0.11342158168554306 0.010996918193995953 0.028490452095866203
0.10858173668384552 0.023938380181789398 0.01381276547908783
0.11024101078510284 0.018855366855859756 0.020893173292279243
0.11413397639989853 0.02111174538731575 0.013605887070298195
0.10461483150720596 0.020253341645002365 0.04139387235045433
0.09832336008548737 0.011257942765951157 0.012555932626128197
0.10309716314077377 0.019603148102760315 0.019513066858053207
0.11685547977685928 0.012271199375391006 0.00768338143825531
0.10431110858917236 0.04319987818598747 0.017219815403223038
0.1060020923614502 0.04144751653075218 0.009620843455195427
0.09102267026901245 0.03857548534870148 0.014653416350483894
0.10918592661619186 0.02571067400276661 0.009097781032323837
0.10769359022378922 0.007869841530919075 0.0222258809953928
0.10676081478595734 0.021233223378658295 0.03760089725255966
0.10890191048383713 0.017164047807455063 0.012795539572834969
0.09627894312143326 0.01914125867187977 0.007233643904328346
0.10550757497549057 0.012711586430668831 0.015195010229945183
0.10885560512542725 0.033183641731739044 0.02135440520942211
0.10450489819049835 0.02547615021467209 0.042323656380176544
0.1133178249001503 0.0633838027715683 0.03727201372385025
0.0994153842329979 0.011758711189031601 0.007700655609369278
0.0999368205666542 0.016399968415498734 0.014743603765964508
0.11197075992822647 0.013400420546531677 0.055595383048057556
0.11783082783222198 0.03187114745378494 0.01796671375632286
0.1212562695145607 0.019264347851276398 0.016242075711488724
0.10053497552871704 0.008745113387703896 0.009107682853937149
0.10388437658548355 0.009518660604953766 0.018194308504462242
0.10303181409835815 0.020180027931928635 0.008006744086742401
0.10274536907672882 0.011369332671165466 0.0206451416015625
0.11108594387769699 0.027423789724707603 0.010635824874043465
0.09738253057003021 0.017771968618035316 0.018412919715046883
0.10001357644796371 0.02140234038233757 0.01315821148455143
0.09570642560720444 0.0062757693231105804 0.009030334651470184
0.11297483742237091 0.024230409413576126 0.024259764701128006
