0.033581994473934174 2.361908197402954 2.3277547359466553
0.03520490229129791 2.150164842605591 2.106548309326172
0.035970237106084824 1.9948549270629883 1.8832371234893799
0.036037035286426544 1.7685203552246094 1.7099370956420898
0.041509225964546204 1.7344715595245361 1.715981364250183
0.04201510176062584 1.5919090509414673 1.6069685220718384
0.04297434911131859 1.445902943611145 1.3849806785583496
0.048222970217466354 1.244827389717102 1.3155460357666016
0.050460319966077805 1.1973224878311157 1.2444885969161987
0.05195574834942818 1.0875638723373413 1.0944325923919678
0.05456101894378662 1.0918935537338257 1.0300017595291138
0.054680027067661285 0.9404230713844299 0.9338196516036987
0.05370834097266197 0.8505770564079285 0.9119981527328491
0.05898764729499817 0.7948949337005615 0.7496806979179382
0.06406258791685104 0.6989783048629761 0.7190172076225281
0.06502417474985123 0.5959413051605225 0.623897135257721
0.06296040862798691 0.5797730088233948 0.5689669847488403
0.06212366744875908 0.5406368970870972 0.6052749752998352
0.06394534558057785 0.5451215505599976 0.5708945989608765
0.060477595776319504 0.4887174665927887 0.4416965842247009
0.06416118144989014 0.42364153265953064 0.43574801087379456
0.06015415117144585 0.37732651829719543 0.3855961859226227
0.061918165534734726 0.3535563051700592 0.36023133993148804
0.059979576617479324 0.32219362258911133 0.39487579464912415
0.06729055941104889 0.3184138536453247 0.2721063494682312
0.06314193457365036 0.30522453784942627 0.2985979914665222
0.05965447425842285 0.3168252110481262 0.2793004810810089
0.06421365588903427 0.27731192111968994 0.24233368039131165
0.05542532354593277 0.25506994128227234 0.2079964429140091
0.05835845693945885 0.26397693157196045 0.24326272308826447
0.05805189535021782 0.22192080318927765 0.21949270367622375
0.05727603659033775 0.22299498319625854 0.17702944576740265
0.056897129863500595 0.30316680669784546 0.24283146858215332
0.05494321510195732 0.1899637132883072 0.16161425411701202
0.055977918207645416 0.14312797784805298 0.17787884175777435
0.05275622755289078 0.2057846486568451 0.18822826445102692
0.051550399512052536 0.1471654176712036 0.2355988621711731
0.05715984106063843 0.14404812455177307 0.14958256483078003
0.04869868978857994 0.16549831628799438 0.15887928009033203
0.05062609910964966 0.22095291316509247 0.18966013193130493
0.05742955207824707 0.1388135701417923 0.12065303325653076
0.05630601570010185 0.11690260469913483 0.12331892549991608
0.04918299987912178 0.13553103804588318 0.1003665179014206
0.0526982918381691 0.12031570076942444 0.09856179356575012
0.04560619592666626 0.11861952394247055 0.10192736238241196
0.05156134441494942 0.08965033292770386 0.08610741794109344
0.04934067651629448 0.08633925020694733 0.09877128154039383
0.049003008753061295 0.09040886908769608 0.09199706465005875
0.047584231942892075 0.09531928598880768 0.10461800545454025
0.04236287996172905 0.0938991904258728 0.05850692838430405
0.048167884349823 0.09466932713985443 0.1070207878947258
0.044757891446352005 0.06348101794719696 0.08181774616241455
0.03886265307664871 0.10301268845796585 0.09447530657052994
0.0414588488638401 0.051081690937280655 0.06738241761922836
0.047362953424453735 0.10496347397565842 0.09303337335586548
0.0424792505800724 0.08438742160797119 0.050090957432985306
0.044877465814352036 0.0659971684217453 0.04675479605793953
0.04324888810515404 0.08179260790348053 0.055426258593797684
0.0424509271979332 0.057959262281656265 0.05945182964205742
0.03736727684736252 0.05961544066667557 0.04576384276151657
0.038402438163757324 0.07207386195659637 0.04141765460371971
0.04389538988471031 0.08010110259056091 0.07414427399635315
0.036353517323732376 0.07919422537088394 0.07442693412303925
0.044369954615831375 0.03984802961349487 0.0679599940776825
0.037056904286146164 0.04973564296960831 0.09296943992376328
0.04181445762515068 0.06664617359638214 0.04741610586643219
0.044324394315481186 0.037894077599048615 0.050344519317150116
0.034474194049835205 0.091415174305439 0.04219178110361099
0.041259896010160446 0.04219834506511688 0.035667434334754944
0.036587316542863846 0.05212732404470444 0.06814360618591309
0.037030939012765884 0.040835727006196976 0.08195976912975311
0.038626160472631454 0.03510519862174988 0.030629314482212067
0.032920390367507935 0.0627049133181572 0.051186174154281616
0.03760753199458122 0.05454236641526222 0.045714009553194046
0.03378937393426895 0.05783536285161972 0.039369165897369385
0.03739548847079277 0.04909466579556465 0.04495598375797272
0.0332154743373394 0.03850413113832474 0.020816883072257042
0.02955402247607708 0.0802990049123764 0.034049730747938156
0.03709709271788597 0.06923843920230865 0.028016872704029083
0.025219401344656944 0.0402512401342392 0.036703161895275116
0.03608876094222069 0.04694235697388649 0.022589782252907753
0.029397685080766678 0.04304475337266922 0.029699862003326416
0.035737622529268265 0.07241401076316833 0.04358538240194321
0.031699586659669876 0.052021123468875885 0.06815594434738159
0.03085857629776001 0.04639441892504692 0.04672176390886307
0.023564031347632408 0.03419789671897888 0.03421468660235405
0.022436020895838737 0.02890331670641899 0.020332492887973785
0.03276471421122551 0.041332222521305084 0.016813799738883972
0.03817081078886986 0.016697958111763 0.035419873893260956
0.026981836184859276 0.03574298322200775 0.026893753558397293
0.03675961494445801 0.03393368422985077 0.02546597272157669
0.028461655601859093 0.05411545932292938 0.026664741337299347
0.029692528769373894 0.028810031712055206 0.020644549280405045
0.03296425938606262 0.05247339606285095 0.04867345839738846
0.028954332694411278 0.026239382103085518 0.03877270221710205
0.03349639102816582 0.0342988483607769 0.032174862921237946
0.03112279251217842 0.03891821950674057 0.04297519102692604
0.02518138661980629 0.02241072803735733 0.03382328152656555
0.03991943225264549 0.04046311601996422 0.014521867968142033
0.02450043335556984 0.03643117845058441 0.022448096424341202
0.03149896487593651 0.04260173439979553 0.03468278795480728
0.03358256816864014 0.039793748408555984 0.02240169048309326
0.03473560884594917 0.027189647778868675 0.016537800431251526
0.03376287594437599 0.02529628947377205 0.03114280477166176
0.03146873787045479 0.016230782493948936 0.02754375711083412
0.03795879706740379 0.024038255214691162 0.01881580613553524
0.02934706024825573 0.03342028334736824 0.023875974118709564
0.031569357961416245 0.039470549672842026 0.02096009999513626
0.02745908871293068 0.016936859115958214 0.019485292956233025
0.030610425397753716 0.02969103865325451 0.012230027467012405
0.024985091760754585 0.03489360585808754 0.014234134927392006
0.027071161195635796 0.019244778901338577 0.01828295923769474
0.0334625318646431 0.02177269384264946 0.020489340648055077
0.03506937250494957 0.017829298973083496 0.021360525861382484
0.03690965846180916 0.02082161046564579 0.033680614084005356
0.02247399277985096 0.021991778165102005 0.015163302421569824
0.03463336080312729 0.018928086385130882 0.0582941509783268
0.025680039077997208 0.018741050735116005 0.022175824269652367
0.024863680824637413 0.029277093708515167 0.02283008210361004
0.02402307651937008 0.026904400438070297 0.0253665279597044
0.02064901404082775 0.02341214194893837 0.030182166025042534
0.026363981887698174 0.030062198638916016 0.047356247901916504
0.032066818326711655 0.012168843299150467 0.010429181158542633
0.02720583789050579 0.01686006411910057 0.014721795916557312
0.029146382585167885 0.022436734288930893 0.01597772166132927
0.019964424893260002 0.030045974999666214 0.029285050928592682
0.029985515400767326 0.01943962648510933 0.021150480955839157
0.029701149091124535 0.023044031113386154 0.019451923668384552
0.030916888266801834 0.011201806366443634 0.01487809419631958
0.02264278754591942 0.014050902798771858 0.017580319195985794
0.03106933832168579 0.04464719444513321 0.027123238891363144
0.020731192082166672 0.02321057766675949 0.008602336049079895
0.02689584158360958 0.008959479629993439 0.015025777742266655
0.023733312264084816 0.07709991931915283 0.019409291446208954
0.027195114642381668 0.018190771341323853 0.021287430077791214
0.019259942695498466 0.01885925978422165 0.019168978556990623
0.020328572019934654 0.020339248701930046 0.010016471147537231
0.027375131845474243 0.018656225875020027 0.03726521506905556
0.025898844003677368 0.022038184106349945 0.016474340111017227
0.03436092287302017 0.007140740752220154 0.008497806265950203
0.028739500790834427 0.023626040667295456 0.027854882180690765
0.03118034638464451 0.013183943927288055 0.027200041338801384
0.028472591191530228 0.015483228489756584 0.010284452699124813
0.023159850388765335 0.007539931684732437 0.009772250428795815
0.03147285059094429 0.01741175912320614 0.07947267591953278
0.027388721704483032 0.014674004167318344 0.024115124717354774
0.03118417039513588 0.02843727357685566 0.015112865716218948
0.027612512931227684 0.02432405948638916 0.02473541721701622
0.026856044307351112 0.017116297036409378 0.039734818041324615
0.0206947922706604 0.022286036983132362 0.05227953940629959
0.027469227090477943 0.011061696335673332 0.010093988850712776
0.036861006170511246 0.03274257481098175 0.037708867341279984
0.025560135021805763 0.011454373598098755 0.016511989757418633
0.02492438815534115 0.016801808029413223 0.02079552598297596
0.01786634884774685 0.007456094026565552 0.01260082982480526
0.025523975491523743 0.01897062547504902 0.02373374253511429
0.02584107220172882 0.01735205017030239 0.00822550617158413
0.025074223056435585 0.01510329358279705 0.01534663699567318
0.028202537447214127 0.01619727537035942 0.011128074489533901
0.027782658115029335 0.009204989299178123 0.011099116876721382
0.023872358724474907 0.01161133497953415 0.009656921029090881
0.0216122604906559 0.015833508223295212 0.013495592400431633
0.02159712091088295 0.022278038784861565 0.012147181667387486
0.02173493802547455 0.020464347675442696 0.014573270455002785
0.028784239664673805 0.009167235344648361 0.015706781297922134
0.027697263285517693 0.02037592977285385 0.006443396210670471
0.020936904475092888 0.010437928140163422 0.023270810022950172
0.021762320771813393 0.042645879089832306 0.00897090695798397
0.017458220943808556 0.014848086051642895 0.02011679857969284
0.031043661758303642 0.021147126331925392 0.02082275040447712
0.025154326111078262 0.012875555083155632 0.009673818945884705
0.022707253694534302 0.007730357348918915 0.017510905861854553
0.02965034544467926 0.01441127248108387 0.01285083219408989
0.02102229930460453 0.01206490769982338 0.010357736609876156
0.032974425703287125 0.013447806239128113 0.014173252508044243
0.02536727860569954 0.029668452218174934 0.01565590128302574
0.02847972884774208 0.008951365947723389 0.03675305098295212
0.02396596036851406 0.0070946309715509415 0.014607610180974007
0.030825862661004066 0.014606248587369919 0.015115335583686829
0.02298240177333355 0.013628164306282997 0.01596856117248535
0.031026292592287064 0.038577254861593246 0.08933745324611664
0.02547876350581646 0.006325971335172653 0.009281806647777557
0.026501620188355446 0.023309390991926193 0.013974826782941818
0.0284455306828022 0.016936875879764557 0.007120048627257347
0.017282521352171898 0.011454904451966286 0.011325439438223839
0.021197790279984474 0.01691664755344391 0.024078477174043655
0.021417710930109024 0.025165176019072533 0.012954916805028915
0.03140485659241676 0.015615363605320454 0.007287593558430672
0.022575462237000465 0.007917817682027817 0.010750947520136833
0.01622915454208851 0.014344960451126099 0.008740996941924095
0.031078506261110306 0.015457338653504848 0.01183086633682251
0.019593114033341408 0.018240321427583694 0.007090529426932335
0.024003127589821815 0.007276779040694237 0.009152108803391457
0.02127000130712986 0.011727705597877502 0.01329083926975727
0.023548752069473267 0.0315556526184082 0.022739490494132042
0.022384295240044594 0.007237134501338005 0.007526179775595665
0.02811945043504238 0.014981338754296303 0.01392945647239685
0.02829914167523384 0.02416783571243286 0.027734903618693352
0.02535119093954563 0.011013815179467201 0.03156308829784393
0.021273380145430565 0.01150643453001976 0.006616475060582161
