0.03603537380695343 2.382222890853882 2.3823142051696777
0.03414932265877724 2.21647572517395 2.210045099258423
0.03376169130206108 2.1245033740997314 2.0666451454162598
0.03719416260719299 1.9756720066070557 1.926367998123169
0.039241015911102295 1.9197882413864136 1.7551277875900269
0.04085030034184456 1.6574311256408691 1.7054555416107178
0.04394498094916344 1.6145542860031128 1.560779094696045
0.04863603785634041 1.5416871309280396 1.5410640239715576
0.05065743252635002 1.4940779209136963 1.3841265439987183
0.05030621215701103 1.2991424798965454 1.3418307304382324
0.0553097240626812 1.223144292831421 1.2112271785736084
0.05408146604895592 1.1181076765060425 1.174885869026184
0.05543478950858116 0.9996088147163391 1.0057228803634644
0.062015652656555176 0.8917322158813477 0.9957819581031799
0.05848917365074158 0.8720277547836304 0.8998467326164246
0.06056154891848564 0.8301383852958679 0.8758858442306519
0.0638110563158989 0.7725239396095276 0.7578039765357971
0.061225082725286484 0.7459977269172668 0.6965060830116272
0.06305984407663345 0.6660403609275818 0.5852442979812622
0.06651432812213898 0.5934267640113831 0.556410551071167
0.06306423991918564 0.5713098645210266 0.6886299848556519
0.0559174120426178 0.5677024126052856 0.5413631200790405
0.06087779998779297 0.4313705265522003 0.46327176690101624
0.057758595794439316 0.4948180913925171 0.42994368076324463
0.058467257767915726 0.47677960991859436 0.4578137695789337
0.05855415016412735 0.368821918964386 0.40687716007232666
0.05682778358459473 0.4003141522407532 0.3746069371700287
0.06162211298942566 0.3973356783390045 0.4251774251461029
0.05703061819076538 0.34639307856559753 0.2930869162082672
0.05389156937599182 0.358152836561203 0.2707188129425049
0.06070240959525108 0.36180830001831055 0.30284154415130615
0.06334610283374786 0.3137412369251251 0.2561238408088684
0.052002158015966415 0.28016597032546997 0.2565000057220459
0.05502055212855339 0.23056162893772125 0.24657998979091644
0.052666809409856796 0.24253156781196594 0.2470814287662506
0.050684940069913864 0.3068903088569641 0.24545632302761078
0.040294185280799866 0.23622632026672363 0.2277291715145111
0.046614933758974075 0.21165738999843597 0.16881904006004333
0.04476473107933998 0.25881603360176086 0.20649290084838867
0.043836358934640884 0.17925427854061127 0.1774001270532608
0.04765709489583969 0.17184512317180634 0.17117707431316376
0.03951461613178253 0.14888158440589905 0.14909158647060394
0.04158874973654747 0.13582582771778107 0.1596977412700653
0.04305753856897354 0.13482174277305603 0.11220481991767883
0.03721768409013748 0.19147107005119324 0.14066876471042633
0.0375739224255085 0.1667550802230835 0.17676591873168945
0.04511747509241104 0.1438266932964325 0.12398331612348557
0.04650523141026497 0.19500857591629028 0.14510759711265564
0.03692270442843437 0.1286010444164276 0.10940700769424438
0.03481864556670189 0.14459499716758728 0.16588923335075378
0.03473625332117081 0.13225750625133514 0.10608405619859695
0.034679632633924484 0.12073910981416702 0.09518994390964508
0.03781789913773537 0.10652012377977371 0.07385562360286713
0.038891907781362534 0.14453241229057312 0.1095350831747055
0.032370615750551224 0.13674455881118774 0.11878493428230286
0.035937726497650146 0.09954115003347397 0.08083811402320862
0.039624568074941635 0.09268724918365479 0.10576368868350983
0.034455306828022 0.14976297318935394 0.08354835212230682
0.028825758025050163 0.11868228018283844 0.08490784466266632
0.029312169179320335 0.09456025063991547 0.07887202501296997
0.03076217882335186 0.08305732905864716 0.09361737966537476
0.026025820523500443 0.06888377666473389 0.05877804756164551
0.03139379620552063 0.0680588111281395 0.09917190670967102
0.03170723468065262 0.09284628927707672 0.06594125926494598
0.029553521424531937 0.05495728924870491 0.07838038355112076
0.030893981456756592 0.05835459381341934 0.05965252220630646
0.02938079833984375 0.054636117070913315 0.05166422948241234
0.03093527816236019 0.07725776731967926 0.09287284314632416
0.031912337988615036 0.06191524490714073 0.09111453592777252
0.032379258424043655 0.04492129385471344 0.07478760927915573
0.025134209543466568 0.0543774776160717 0.04364786297082901
0.027735238894820213 0.0575631707906723 0.0933663621544838
0.031766630709171295 0.06560522317886353 0.044212210923433304
0.024952959269285202 0.07205407321453094 0.04271037131547928
0.023923171684145927 0.05987060070037842 0.05414806306362152
0.034312039613723755 0.06265325844287872 0.038501471281051636
0.02790226601064205 0.030138134956359863 0.047599926590919495
0.024553736671805382 0.05908092111349106 0.045741550624370575
0.030129341408610344 0.06564413011074066 0.04519271105527878
0.026420190930366516 0.05287835747003555 0.05073700100183487
0.02527431957423687 0.06085697561502457 0.037088967859745026
0.026649704203009605 0.04338904470205307 0.041991785168647766
0.02320580743253231 0.07837671041488647 0.042334433645009995
0.025855565443634987 0.05504816025495529 0.03376408666372299
0.02572442963719368 0.05134716257452965 0.04336264356970787
0.023892123252153397 0.05877657234668732 0.04138544946908951
0.016760213300585747 0.049857184290885925 0.049798473715782166
0.023640090599656105 0.04596206545829773 0.08262059837579727
0.03368222340941429 0.04731711372733116 0.05476922541856766
0.021121975034475327 0.03878024220466614 0.026790643110871315
0.018423691391944885 0.06124807149171829 0.058320220559835434
0.0202468428760767 0.047490041702985764 0.042397305369377136
0.024701673537492752 0.028778644278645515 0.01892433501780033
0.025007978081703186 0.07899266481399536 0.032092735171318054
0.028882551938295364 0.042618513107299805 0.03707510977983475
0.02133822999894619 0.06473585963249207 0.0317009836435318
0.027407145127654076 0.023008326068520546 0.02338118478655815
0.01765376515686512 0.025883696973323822 0.03200293704867363
0.025160549208521843 0.05614400655031204 0.04765213280916214
0.026319151744246483 0.02806498482823372 0.023954754695296288
0.02092849276959896 0.03436799347400665 0.04134272038936615
0.0212425347417593 0.04004991054534912 0.04108743742108345
0.017911801114678383 0.029683759436011314 0.025608312338590622
0.0234227254986763 0.02771393023431301 0.02250411920249462
0.02278509922325611 0.03987164422869682 0.028702376410365105
0.02881046012043953 0.04844202101230621 0.029513366520404816
0.02812541089951992 0.024626757949590683 0.021592043340206146
0.017543131485581398 0.035883255302906036 0.037446193397045135
0.01678805612027645 0.04107224568724632 0.039145246148109436
0.016692036762833595 0.07899057865142822 0.035105668008327484
0.01571936346590519 0.02713814750313759 0.024663427844643593
0.016088416799902916 0.040889859199523926 0.023239336907863617
0.026467228308320045 0.04935912787914276 0.026718728244304657
0.018606821075081825 0.04205573722720146 0.038915880024433136
0.022189827635884285 0.03120778128504753 0.017868880182504654
0.020403077825903893 0.021863579750061035 0.02587413415312767
0.019999021664261818 0.03797786682844162 0.016511201858520508
0.022757990285754204 0.022289320826530457 0.017177291214466095
0.021778754889965057 0.03645768016576767 0.025953233242034912
0.019664347171783447 0.015223309397697449 0.01574244722723961
0.01581442728638649 0.01744162105023861 0.011470962315797806
0.01831289753317833 0.019743623211979866 0.020220354199409485
0.02343561314046383 0.029520157724618912 0.01932191103696823
0.0157049298286438 0.04392396658658981 0.032334212213754654
0.016139468178153038 0.01898050121963024 0.031889088451862335
0.018381420522928238 0.022621437907218933 0.018169816583395004
0.017481645569205284 0.01657985709607601 0.025944024324417114
0.01500982977449894 0.03804575651884079 0.040119972079992294
0.014979145489633083 0.022969812154769897 0.03269152343273163
0.019926754757761955 0.02197052538394928 0.0219326950609684
0.022810449823737144 0.02059967815876007 0.010393507778644562
0.015354040078818798 0.020344169810414314 0.011739395558834076
0.013923279009759426 0.016446266323328018 0.0491003654897213
0.009444295428693295 0.01877269707620144 0.022074507549405098
0.01640920341014862 0.027365773916244507 0.012032657861709595
0.021375462412834167 0.015132781118154526 0.009517056867480278
0.008642028085887432 0.021854573860764503 0.013836953788995743
0.013993397355079651 0.01396125741302967 0.01706155762076378
0.017474396154284477 0.015896357595920563 0.00986265204846859
0.014122811146080494 0.029513228684663773 0.01174694299697876
0.018227627500891685 0.017125360667705536 0.019297076389193535
0.009887710213661194 0.019224943593144417 0.030409952625632286
0.01361106988042593 0.019334988668560982 0.016892779618501663
0.017039719969034195 0.013094074092805386 0.028486810624599457
0.023822760209441185 0.030234787613153458 0.010450122877955437
0.01490836776793003 0.01987459883093834 0.050547584891319275
0.018004199489951134 0.012594418600201607 0.009759878739714622
0.01632428728044033 0.01793135143816471 0.02230079285800457
0.015548387542366982 0.030680419877171516 0.029857151210308075
0.019284768030047417 0.011328108608722687 0.02057120017707348
0.016846656799316406 0.01247468963265419 0.012859649024903774
0.015995731577277184 0.009502878412604332 0.012149324640631676
0.011415602639317513 0.011034855619072914 0.02604781463742256
0.015059227123856544 0.023328721523284912 0.02596321515738964
0.015505770221352577 0.01841733604669571 0.012543965131044388
0.013951501809060574 0.02355053275823593 0.01557973027229309
0.020474059507250786 0.0098241176456213 0.023540230467915535
0.02201022021472454 0.017934750765562057 0.013828571885824203
0.019493618980050087 0.01302412897348404 0.006353551521897316
0.023173201829195023 0.013874663040041924 0.011112434789538383
0.015793224796652794 0.016537614166736603 0.02288767509162426
0.013402028940618038 0.018082020804286003 0.024864042177796364
0.02035084180533886 0.014312820509076118 0.011584533378481865
0.014216703362762928 0.04432855546474457 0.00629950687289238
0.014788108877837658 0.01648491807281971 0.015489673241972923
0.01600971259176731 0.01092558167874813 0.008640747517347336
0.015417354181408882 0.007746342569589615 0.009052062407135963
0.012539374642074108 0.010612303391098976 0.021917492151260376
0.012482509948313236 0.010767992585897446 0.0079411081969738
0.015587386675179005 0.021530423313379288 0.012701336294412613
0.019987134262919426 0.019558725878596306 0.019277064129710197
0.01655890978872776 0.013846958056092262 0.024178991094231606
0.015376291237771511 0.02319672703742981 0.024119770154356956
0.010601832531392574 0.01898464933037758 0.04592614620923996
0.01252676546573639 0.018285730853676796 0.010320248082280159
0.015354561619460583 0.006944941356778145 0.009820014238357544
0.01579423062503338 0.013652428984642029 0.016208436340093613
0.01710234396159649 0.006655154749751091 0.01664482243359089
0.013049411587417126 0.011207262985408306 0.013141263276338577
0.011206752620637417 0.019276808947324753 0.006010627374053001
0.016357475891709328 0.008164888247847557 0.015097822062671185
0.014803662896156311 0.006862495094537735 0.0073130205273628235
0.019251247867941856 0.016173522919416428 0.007659535855054855
0.013903627172112465 0.017323721200227737 0.018377626314759254
0.01388569176197052 0.011837229132652283 0.014083283953368664
0.016021689400076866 0.011438809335231781 0.008232144638895988
0.02062872238457203 0.013168442994356155 0.01691286265850067
0.01514231413602829 0.02602720633149147 0.009576966986060143
0.010216282680630684 0.011340496130287647 0.004350580275058746
0.01993565447628498 0.01626567356288433 0.00898512452840805
0.011266802437603474 0.011243145912885666 0.010493203997612
0.01755712740123272 0.014260035008192062 0.01831820048391819
0.012802396900951862 0.00725015252828598 0.03143300861120224
0.021786196157336235 0.011271066963672638 0.007898310199379921
0.02208663336932659 0.014166340231895447 0.013016793876886368
0.014850229024887085 0.024037286639213562 0.013001558370888233
0.018009647727012634 0.020742136985063553 0.007588619366288185
0.014234120026230812 0.013722388073801994 0.006396664306521416
0.012326850555837154 0.011573748663067818 0.01635301113128662
0.013230954296886921 0.008312564343214035 0.015025598928332329
