-0.024503260850906372 2.268277168273926 2.305896282196045
-0.006220781709998846 0.7132271528244019 0.7067363858222961
-0.006289844401180744 0.387394517660141 0.38860246539115906
-0.0056122466921806335 0.3978031575679779 0.39750558137893677
-0.004369219299405813 0.3650044798851013 0.36984744668006897
-0.005600587464869022 0.40422749519348145 0.4029112160205841
-0.004417085088789463 0.3228740692138672 0.3247087597846985
-0.004363141488283873 0.3138217329978943 0.3111497461795807
-0.004365187603980303 0.3917231857776642 0.39186474680900574
-0.004264213144779205 0.44496023654937744 0.4410409927368164
-0.004049511160701513 0.23593352735042572 0.23547829687595367
-0.0036807216238230467 0.2881271243095398 0.28123223781585693
-0.004146336577832699 0.517296314239502 0.5196226239204407
-0.0029961380641907454 0.2780040204524994 0.28130629658699036
-0.003091048914939165 0.2696121335029602 0.2681148052215576
-0.0030895378440618515 0.275257408618927 0.2780267596244812
-0.004579718224704266 0.1623130589723587 0.16031037271022797
-0.0029201058205217123 0.3644331693649292 0.36531612277030945
-0.0028363526798784733 0.35021933913230896 0.3519684076309204
-0.0030947972554713488 0.12535637617111206 0.1260443776845932
-0.0033275156747549772 0.1868913173675537 0.18497109413146973
-0.0026918314397335052 0.23213964700698853 0.23609870672225952
-0.0026020538061857224 0.24881315231323242 0.2465350180864334
-0.0031003279145807028 0.24764816462993622 0.24461917579174042
-0.0026841049548238516 0.26579490303993225 0.2699678838253021
-0.002659530146047473 0.315748393535614 0.31790709495544434
-0.0029155388474464417 0.1802227944135666 0.18439802527427673
-0.002432066947221756 0.23131583631038666 0.23080545663833618
-0.0028382898308336735 0.12462158501148224 0.12668980658054352
-0.0027264875825494528 0.14588774740695953 0.14499756693840027
-0.0023121212143450975 0.22005055844783783 0.22232314944267273
-0.002621104707941413 0.0863904356956482 0.08649104088544846
-0.002421020297333598 0.1448907107114792 0.14554812014102936
-0.0018821068806573749 0.19818808138370514 0.19393432140350342
-0.0023775072768330574 0.2538260519504547 0.25324368476867676
-0.0020785925444215536 0.14947518706321716 0.14905202388763428
-0.002563738962635398 0.12856397032737732 0.12917301058769226
-0.0021559197921305895 0.21680685877799988 0.2188921868801117
-0.002490120707079768 0.27349576354026794 0.27070918679237366
-0.0020662422757595778 0.11327582597732544 0.11070995032787323
-0.002154443645849824 0.2136206030845642 0.2156974971294403
-0.0023606300819665194 0.22975672781467438 0.22895243763923645
-0.001979881664738059 0.12754467129707336 0.12850096821784973
-0.0020989577751606703 0.2844180166721344 0.28441476821899414
-0.002357419580221176 0.14759987592697144 0.1464824378490448
-0.0019047470996156335 0.08332214504480362 0.08432291448116302
-0.0027592757251113653 0.15278029441833496 0.1518375277519226
-0.0018024872988462448 0.23667603731155396 0.23534081876277924
-0.002190165687352419 0.13328644633293152 0.13378825783729553
-0.0022960477508604527 0.13657572865486145 0.13961602747440338
-0.0017062000697478652 0.22728277742862701 0.22588440775871277
-0.002368813380599022 0.10938550531864166 0.10986250638961792
-0.0021871139761060476 0.10338655114173889 0.10307777673006058
-0.0018289892468601465 0.1465473175048828 0.14587178826332092
-0.0020302978809922934 0.1751016080379486 0.17477387189865112
-0.0019063347717747092 0.14366136491298676 0.14414089918136597
-0.0020107401069253683 0.20037436485290527 0.20127788186073303
-0.0021822911221534014 0.08663102984428406 0.08717457950115204
-0.0019639325328171253 0.08759908378124237 0.08975981175899506
-0.002189900493249297 0.1644423007965088 0.16756710410118103
-0.0019364278996363282 0.11023350059986115 0.1112251803278923
-0.002078245161101222 0.11085576564073563 0.11153428256511688
-0.0017925665015354753 0.15736371278762817 0.15683625638484955
-0.0020602524746209383 0.1741761565208435 0.17407527565956116
-0.0019080830970779061 0.07715213298797607 0.07582393288612366
-0.0018220788333564997 0.11845331639051437 0.1197262555360794
-0.0018373228376731277 0.10428918153047562 0.10302449762821198
-0.0018876314861699939 0.15747585892677307 0.15836593508720398
-0.0015362473204731941 0.11520004272460938 0.1155676394701004
-0.0017722398042678833 0.04614466056227684 0.046544697135686874
-0.00235774926841259 0.11158347129821777 0.11111634969711304
-0.00195890455506742 0.12516292929649353 0.12464413046836853
-0.0018106329953297973 0.09283504635095596 0.09248538315296173
-0.0016132356831803918 0.2130553275346756 0.2141244113445282
-0.002035049721598625 0.038797542452812195 0.03900780528783798
-0.001995640341192484 0.05121144652366638 0.04987536370754242
-0.0018254712922498584 0.1225200891494751 0.1237550675868988
-0.002053365111351013 0.048123911023139954 0.04750504717230797
-0.0015548736555501819 0.18977010250091553 0.18899774551391602
-0.0019475497538223863 0.2613776922225952 0.2645169496536255
-0.0016943085938692093 0.10354967415332794 0.10454384982585907
-0.0016131531447172165 0.058546122163534164 0.058418791741132736
-0.0017388217383995652 0.10457217693328857 0.1044192761182785
-0.0015318399528041482 0.05852612107992172 0.057337768375873566
-0.0018725850386545062 0.10857383906841278 0.10894348472356796
-0.0015903826570138335 0.060690656304359436 0.061348237097263336
-0.0019967814441770315 0.09039837121963501 0.09054598212242126
-0.001795045449398458 0.08393751084804535 0.08640772104263306
-0.0021166601218283176 0.1280953288078308 0.1290123462677002
-0.0018012461951002479 0.07403281331062317 0.07431213557720184
-0.0020709082018584013 0.11754536628723145 0.11774291098117828
-0.0014201219892129302 0.05856896936893463 0.05821188539266586
-0.0020974152721464634 0.09888654202222824 0.10067272186279297
-0.0015855809906497598 0.2027508169412613 0.2021724134683609
-0.001638402114622295 0.06805463135242462 0.06993494182825089
-0.001671865931712091 0.036613576114177704 0.036411628127098083
-0.001200613914988935 0.0313224270939827 0.03188589960336685
-0.0017403226811438799 0.11175169795751572 0.11042525619268417
-0.0017582870787009597 0.1497601419687271 0.1481398046016693
-0.001696057035587728 0.09724882245063782 0.09635646641254425
-0.0013413381529971957 0.04925635829567909 0.048692330718040466
-0.0020169366616755724 0.07040988653898239 0.06917125731706619
-0.0015256357146427035 0.08739118278026581 0.088348388671875
-0.0015640646452084184 0.03872052580118179 0.03850072622299194
-0.0017458118963986635 0.1297464370727539 0.131560280919075
-0.0013869013637304306 0.07307709753513336 0.07304087281227112
-0.0015329658053815365 0.08664239197969437 0.0871807336807251
-0.0018833179492503405 0.04685841500759125 0.04840512201189995
-0.0014897632645443082 0.1384476274251938 0.13827745616436005
-0.0014938386157155037 0.09310393035411835 0.09408982843160629
-0.0015785264549776912 0.045286625623703 0.0441315621137619
-0.0013165677664801478 0.08400529623031616 0.083643838763237
-0.0017108622705563903 0.09244159609079361 0.09162247180938721
-0.001585215562954545 0.09471538662910461 0.09525446593761444
-0.0018873118096962571 0.07323851436376572 0.0714869573712349
-0.0015383476857095957 0.06370048969984055 0.0642283707857132
-0.0018328148871660233 0.018578892573714256 0.01898125745356083
-0.00120727124158293 0.035644181072711945 0.03554336354136467
-0.001284334110096097 0.0825558602809906 0.08377747237682343
-0.0017190336948260665 0.06701891124248505 0.06621389091014862
-0.002026886912062764 0.07609914243221283 0.07769890874624252
-0.0016729073831811547 0.041094645857810974 0.041501034051179886
-0.0017692953115329146 0.0678115263581276 0.06865449249744415
-0.0019499583868309855 0.01587674207985401 0.015940498560667038
-0.0009070794330909848 0.10900513082742691 0.11078059673309326
-0.0014766905223950744 0.02245556004345417 0.022367877885699272
-0.002102592960000038 0.09591569006443024 0.09744313359260559
-0.0019049473339691758 0.053639963269233704 0.053443074226379395
-0.001850732252933085 0.033245548605918884 0.03241179138422012
-0.001691804500296712 0.06979868561029434 0.07039213180541992
-0.0015114872949197888 0.03963354974985123 0.03824444115161896
-0.0012562460033223033 0.08801622688770294 0.08953125029802322
-0.0018435809761285782 0.08922737836837769 0.09016057103872299
-0.0018228095723316073 0.05273671820759773 0.053508199751377106
-0.0013315314427018166 0.06126312166452408 0.06123797968029976
-0.0015902472659945488 0.06812990456819534 0.06881164759397507
-0.001262599602341652 0.06125923618674278 0.06013967841863632
-0.0013570415321737528 0.05007537081837654 0.04968453198671341
-0.0013431785628199577 0.047525737434625626 0.04841921478509903
-0.0020964094437658787 0.08519450575113297 0.08331550657749176
-0.0014645541086792946 0.022182364016771317 0.022911371663212776
-0.0017109817126765847 0.036028772592544556 0.03587976470589638
-0.0020278175361454487 0.08736748993396759 0.08949616551399231
-0.002020785119384527 0.1071941927075386 0.10597850382328033
-0.0015122991753742099 0.06351462751626968 0.061721667647361755
-0.0013771943049505353 0.04999006912112236 0.04928574711084366
-0.0012919295113533735 0.024977996945381165 0.024856654927134514
-0.0015354736242443323 0.027903933078050613 0.028681091964244843
-0.0018273176392540336 0.028684698045253754 0.029580187052488327
-0.00151306192856282 0.1306001842021942 0.13100945949554443
-0.0012457676930353045 0.04447907209396362 0.04429812729358673
-0.001651088590733707 0.0271049402654171 0.027578404173254967
-0.0012489656219258904 0.03645128011703491 0.03668713569641113
-0.0015578963793814182 0.06414636969566345 0.06455352157354355
-0.0019127846462652087 0.06798064708709717 0.06871791929006577
-0.0015926134074106812 0.08887900412082672 0.08753596991300583
-0.0012325606076046824 0.05800798907876015 0.057620346546173096
-0.0014375579776242375 0.03177187591791153 0.03140082582831383
-0.0014963377034291625 0.14209319651126862 0.1429772973060608
-0.0014371570432558656 0.02336791343986988 0.02440646104514599
-0.0016062690410763025 0.011369353160262108 0.011417485773563385
-0.0013646550942212343 0.026484115049242973 0.027196766808629036
-0.001917316229082644 0.05156794190406799 0.05159026011824608
-0.0014862038660794497 0.022955818101763725 0.022837728261947632
-0.0014013308100402355 0.05088261514902115 0.05150459334254265
-0.0016940564382821321 0.06229732558131218 0.06275031715631485
-0.001631527440622449 0.03200364112854004 0.03198399394750595
-0.0016947932308539748 0.06741838902235031 0.06977300345897675
-0.001019850722514093 0.04525906965136528 0.044329140335321426
-0.0017327320529147983 0.03944050520658493 0.03914044424891472
-0.0017940737307071686 0.024898473173379898 0.025349672883749008
-0.0017116096569225192 0.04864092543721199 0.049140702933073044
-0.0012095010606572032 0.03251097723841667 0.03302493318915367
-0.0018357522785663605 0.04622238874435425 0.04575327783823013
-0.0012899258872494102 0.0832226499915123 0.08510161191225052
-0.0017131507629528642 0.06482163071632385 0.06497229635715485
-0.0012574822176247835 0.04597548767924309 0.04480564966797829
-0.0016343508614227176 0.052481696009635925 0.05245818942785263
-0.0012861741706728935 0.06719401478767395 0.06793126463890076
-0.0015659695491194725 0.026811467483639717 0.027156325057148933
-0.002022932283580303 0.040493838489055634 0.03991296887397766
-0.0014395135222002864 0.04597795754671097 0.04561968147754669
-0.0016211323672905564 0.026634521782398224 0.026404906064271927
-0.0017336545279249549 0.04560540243983269 0.046448517590761185
-0.0017983304569497705 0.03811860829591751 0.03838342800736427
-0.0013064614031463861 0.026128774508833885 0.0261337049305439
-0.001562835881486535 0.05216002091765404 0.05228020250797272
-0.0014258960727602243 0.022950228303670883 0.02260323241353035
-0.0015198056353256106 0.08544186502695084 0.08658751100301743
-0.0018088158685714006 0.06067913398146629 0.06025764346122742
-0.001595116569660604 0.06228705868124962 0.06279507279396057
-0.001542995567433536 0.0598750077188015 0.06028012931346893
-0.0015129194362089038 0.09226946532726288 0.09266029298305511
-0.0015842730645090342 0.046266552060842514 0.045178454369306564
-0.00171001348644495 0.049348391592502594 0.050786908715963364
-0.0013840472092851996 0.044329933822155 0.04333736374974251
-0.001364431343972683 0.04399390518665314 0.043358203023672104
-0.0011221917811781168 0.04907820373773575 0.04841012507677078
-0.0013739317655563354 0.062375523149967194 0.06291811913251877
-0.0014190569054335356 0.03618043661117554 0.0369582436978817
-0.0013327060732990503 0.03193781524896622 0.0321892648935318
-0.0011351393768563867 0.03476838022470474 0.034852780401706696
-0.0014229525113478303 0.047840017825365067 0.04900283366441727
-0.0011835070326924324 0.039165887981653214 0.039306193590164185
-0.002215925371274352 0.07102898508310318 0.07235468924045563
-0.0014989549526944757 0.10820664465427399 0.10819905996322632
-0.0015109679661691189 0.016103725880384445 0.01633521541953087
-0.0013849809765815735 0.032614681869745255 0.03370501101016998
-0.0013920848723500967 0.025080757215619087 0.02506239339709282
-0.001751369098201394 0.05141482502222061 0.05208262801170349
-0.0014614514075219631 0.015098953619599342 0.015437383204698563
-0.0016204614657908678 0.048697229474782944 0.0487811453640461
-0.001268695923499763 0.03283427283167839 0.03183869644999504
-0.0019268327159807086 0.037794724106788635 0.03835725039243698
-0.0013802307657897472 0.03869032859802246 0.03903571143746376
-0.0013426275691017509 0.11139877140522003 0.11212741583585739
-0.001622039475478232 0.03948845714330673 0.038492899388074875
-0.0012620631605386734 0.04915957525372505 0.05012466385960579
-0.001059733796864748 0.026047540828585625 0.02545533888041973
-0.0014736551092937589 0.06652302294969559 0.06612607091665268
-0.0014750804984942079 0.024393316358327866 0.02437901683151722
-0.0013843633932992816 0.03150322288274765 0.031038440763950348
-0.0010139549849554896 0.053952280431985855 0.054666340351104736
-0.001778693520464003 0.09065854549407959 0.09146958589553833
-0.001342197647318244 0.056462422013282776 0.058523811399936676
-0.001418665866367519 0.03166140615940094 0.032141681760549545
-0.0014022801769897342 0.0817377045750618 0.08243032544851303
-0.001484394888393581 0.050894852727651596 0.05113294720649719
-0.0012543478514999151 0.07076513767242432 0.07048837840557098
-0.0012290291488170624 0.06642316281795502 0.06586853414773941
-0.0011924515711143613 0.05776200443506241 0.05863200128078461
-0.0016298097325488925 0.028098594397306442 0.02818775177001953
-0.001336143002845347 0.025465622544288635 0.025754503905773163
-0.0017174402019008994 0.03372626751661301 0.033338192850351334
-0.0013369530206546187 0.05338665470480919 0.05361650884151459
