0.02179010771214962 1.9119902849197388 1.889674425125122
0.008059671148657799 0.5574634671211243 0.5617877840995789
0.008883051574230194 0.4060732126235962 0.3961152732372284
0.011216106824576855 0.30515190958976746 0.2940012514591217
0.009076978079974651 0.3465557098388672 0.3408535122871399
0.011315491981804371 0.30962762236595154 0.3061044216156006
0.012624802999198437 0.30323392152786255 0.3120374381542206
0.008393597789108753 0.27061551809310913 0.28401684761047363
0.009320423007011414 0.37513861060142517 0.38299280405044556
0.009005779400467873 0.4589349031448364 0.45941945910453796
0.007628270890563726 0.23704905807971954 0.24444925785064697
0.007540800608694553 0.3312871754169464 0.32565420866012573
0.00904820766299963 0.4596153497695923 0.46320652961730957
0.00985810812562704 0.2569255530834198 0.24678054451942444
0.00969531200826168 0.25955885648727417 0.25899457931518555
0.00745673943310976 0.17979282140731812 0.18268133699893951
0.008367450907826424 0.18916676938533783 0.18685570359230042
0.008866827003657818 0.439096063375473 0.4496379494667053
0.007292720023542643 0.3308528959751129 0.3283989429473877
0.007325132377445698 0.16554488241672516 0.16151376068592072
0.007337837014347315 0.17054034769535065 0.16840815544128418
0.007241188082844019 0.22994886338710785 0.22450324892997742
0.005225945729762316 0.2672339081764221 0.2587733566761017
0.004583282861858606 0.23524022102355957 0.2411406934261322
0.006884055677801371 0.23552517592906952 0.2291490137577057
0.006055917590856552 0.32852181792259216 0.30280476808547974
0.0068534123711287975 0.2589512765407562 0.24582968652248383
0.008016380481421947 0.22596725821495056 0.21634052693843842
0.005197869148105383 0.10834990441799164 0.10770717263221741
0.0051327478140592575 0.12013672292232513 0.12504816055297852
0.005171981640160084 0.27205905318260193 0.27840563654899597
0.005719208624213934 0.10478030890226364 0.10347531735897064
0.005407309625297785 0.13113567233085632 0.12822827696800232
0.005095311440527439 0.16901430487632751 0.17022967338562012
0.004539460875093937 0.21074724197387695 0.21191497147083282
0.0033738461788743734 0.23141250014305115 0.22631147503852844
0.004870226606726646 0.16238798201084137 0.1645205020904541
0.004429301712661982 0.25131142139434814 0.25738415122032166
0.004158543888479471 0.24882371723651886 0.24491383135318756
0.006323009263724089 0.1196901947259903 0.12236302345991135
0.003918726462870836 0.18572671711444855 0.17374558746814728
0.004268153104931116 0.24358604848384857 0.24134278297424316
0.004376620054244995 0.16921791434288025 0.17005908489227295
0.004132030066102743 0.2720247805118561 0.2759053111076355
0.003013621550053358 0.14241793751716614 0.143678218126297
0.00324461841955781 0.13289716839790344 0.13946788012981415
0.004711552523076534 0.17822739481925964 0.17550452053546906
0.003991033416241407 0.240524560213089 0.24561825394630432
0.0031410790979862213 0.1344708502292633 0.13188524544239044
0.0027650592382997274 0.12374315410852432 0.1170874536037445
0.003335128305479884 0.17599737644195557 0.17775645852088928
0.003510440234094858 0.13864652812480927 0.14017623662948608
0.0027026694733649492 0.14023107290267944 0.1385820209980011
0.003114002291113138 0.18996377289295197 0.1928097903728485
0.004224054515361786 0.2412017285823822 0.24380052089691162
0.0026694745756685734 0.14989183843135834 0.14607086777687073
0.0034830905497074127 0.21243110299110413 0.2139609456062317
0.0035732348915189505 0.15279603004455566 0.1539728343486786
0.0033079825807362795 0.12872621417045593 0.12930598855018616
0.0031670264434069395 0.17188431322574615 0.171381413936615
0.003996598534286022 0.14361386001110077 0.14330638945102692
0.004398477263748646 0.17797040939331055 0.17402468621730804
0.004441872704774141 0.23276056349277496 0.24002613127231598
0.0035134032368659973 0.1293479949235916 0.12398512661457062
0.0026404019445180893 0.12056110054254532 0.11573156714439392
0.0033517093397676945 0.14192579686641693 0.13987219333648682
0.0027391365729272366 0.1594013124704361 0.1628084033727646
0.004588710609823465 0.18260647356510162 0.17987984418869019
0.0038796556182205677 0.17841070890426636 0.1747511625289917
0.0024719524662941694 0.12009166181087494 0.11358654499053955
0.002645706757903099 0.11944672465324402 0.11481961607933044
0.002448407234624028 0.13248546421527863 0.13169053196907043
0.002661533188074827 0.11604951322078705 0.12105558812618256
0.0024706923868507147 0.14934860169887543 0.1556517481803894
0.0026227086782455444 0.05917926877737045 0.05629183351993561
0.002581591485068202 0.035279061645269394 0.037269774824380875
0.0037426219787448645 0.10422223806381226 0.10324132442474365
0.0028399862349033356 0.06200876832008362 0.060245271772146225
0.002279657172039151 0.23808838427066803 0.22958463430404663
0.003272244008257985 0.3536098599433899 0.34698036313056946
0.002172368112951517 0.149527445435524 0.14520952105522156
0.0034579068887978792 0.07371179759502411 0.07343210279941559
0.001767710200510919 0.07828208804130554 0.07735440135002136
0.0025192000903189182 0.05871628597378731 0.0622938796877861
0.002410108922049403 0.2751995325088501 0.2807203531265259
0.0030184767674654722 0.08868001401424408 0.09156595170497894
0.003681676462292671 0.08594276010990143 0.08656653761863708
0.002887547481805086 0.11808447539806366 0.11945594847202301
0.003962563816457987 0.18228311836719513 0.18759167194366455
0.0026632165536284447 0.06628147512674332 0.06275022774934769
0.0027969060465693474 0.16357624530792236 0.15325689315795898
0.0016161600360646844 0.050280578434467316 0.050486452877521515
0.0023110646288841963 0.08510200679302216 0.0830950066447258
0.002500237198546529 0.2604294717311859 0.2619692385196686
0.0030636254232376814 0.1482708901166916 0.15024755895137787
0.001721126027405262 0.049991924315690994 0.046640463173389435
0.0024997773580253124 0.09748523682355881 0.10273205488920212
0.0028976283501833677 0.11831104010343552 0.11609424650669098
0.0029677096754312515 0.20228128135204315 0.2076111137866974
0.0024542396422475576 0.15197864174842834 0.14716151356697083
0.0025654856581240892 0.03924747556447983 0.040014445781707764
0.0024985158815979958 0.09544668346643448 0.09869889914989471
0.0019384965999051929 0.07490558922290802 0.07631854712963104
0.0015878387494012713 0.08821780234575272 0.095059834420681
0.0037720240652561188 0.16735368967056274 0.1634107232093811
0.0023858651984483004 0.13402999937534332 0.13043172657489777
0.0026737034786492586 0.17452120780944824 0.17418023943901062
0.002018303144723177 0.07610136270523071 0.07356439530849457
0.0014225944178178906 0.2508314847946167 0.24883665144443512
0.0022094782907515764 0.10444489121437073 0.10249575972557068
0.0012641396606341004 0.11553632467985153 0.11822782456874847
0.0028990483842790127 0.158314049243927 0.15806514024734497
0.002089008456096053 0.11118628084659576 0.10572510212659836
0.002189025515690446 0.17426523566246033 0.17289254069328308
0.001983117079362273 0.09416701644659042 0.09153817594051361
0.0016382768517360091 0.07300485670566559 0.06978316605091095
0.0020590208005160093 0.05549292638897896 0.05535847321152687
0.0023462027311325073 0.09276536107063293 0.09429001808166504
0.002423417754471302 0.11045239865779877 0.11094401031732559
0.0021259081549942493 0.09082801640033722 0.08561523258686066
0.0024368909653276205 0.18378175795078278 0.18528741598129272
0.0031656853388994932 0.08918905258178711 0.08918176591396332
0.0016643526032567024 0.16495037078857422 0.16907542943954468
0.0015574221033602953 0.07627148181200027 0.07852140069007874
0.0021589917596429586 0.14261305332183838 0.14459213614463806
0.0024849202018231153 0.0676518976688385 0.07273341715335846
0.0023535185027867556 0.09026990830898285 0.09069380164146423
0.0028899151366204023 0.07620971649885178 0.08013350516557693
0.0016544234240427613 0.054980047047138214 0.056639380753040314
0.002655506832525134 0.0777626633644104 0.07530741393566132
0.0017152962973341346 0.06993348151445389 0.06490913033485413
0.003177062375470996 0.07473668456077576 0.07136860489845276
0.0012077008141204715 0.15274344384670258 0.1536567658185959
0.0019051533890888095 0.18678268790245056 0.18324294686317444
0.0024184156209230423 0.0694853812456131 0.0711049884557724
0.0019109789282083511 0.0892195999622345 0.08864001929759979
0.0019689712207764387 0.11415240168571472 0.11588579416275024
0.001931086997501552 0.07457585632801056 0.07339833676815033
0.003557030111551285 0.203641876578331 0.19503045082092285
0.00233488529920578 0.15247005224227905 0.1518954336643219
0.002496532164514065 0.03522263839840889 0.03547901660203934
0.0016133565222844481 0.05801745876669884 0.05928459390997887
0.0016907871467992663 0.08989560604095459 0.08792980015277863
0.0021148440428078175 0.12269261479377747 0.12394268810749054
0.0016049708938226104 0.07312273234128952 0.07617761194705963
0.0024554594419896603 0.11009779572486877 0.10310222953557968
0.0017183665186166763 0.09376344829797745 0.09369221329689026
0.0018989772070199251 0.04259154573082924 0.04188491404056549
0.001152280019596219 0.029085854068398476 0.030260855332016945
0.0014449915615841746 0.15302953124046326 0.150251567363739
0.0015957275172695518 0.053511109203100204 0.05510346218943596
0.003605285659432411 0.05458148568868637 0.055356256663799286
0.0012620678171515465 0.053871940821409225 0.05863802507519722
0.001764622749760747 0.14413106441497803 0.1501753032207489
0.0018428111216053367 0.09774237871170044 0.10229035466909409
0.0017357387114316225 0.10414886474609375 0.11087237298488617
0.0013416019501164556 0.1276620775461197 0.12377294152975082
0.001958671258762479 0.16693422198295593 0.17150083184242249
0.002804925199598074 0.14671964943408966 0.14510759711265564
0.0023022014647722244 0.05544354394078255 0.0547238364815712
0.0014841710217297077 0.0625782385468483 0.0646975189447403
0.0018074017716571689 0.04934143275022507 0.048465561121702194
0.002062462270259857 0.11947384476661682 0.12522833049297333
0.0021527984645217657 0.042982906103134155 0.045902665704488754
0.0012625259114429355 0.0493331253528595 0.044101450592279434
0.0021137846633791924 0.081983782351017 0.07641617208719254
0.002570908283814788 0.0547591894865036 0.058182619512081146
0.0015758060617372394 0.1304236501455307 0.12970326840877533
0.0021852918434888124 0.06581253558397293 0.06043608859181404
0.002956103766337037 0.12612473964691162 0.12500037252902985
0.0009611043496988714 0.05986251309514046 0.056820787489414215
0.0022860306780785322 0.11638729274272919 0.12105032801628113
0.0021403527352958918 0.06735076755285263 0.05725165084004402
0.0020928082522004843 0.06241166591644287 0.06198622286319733
0.0023479347582906485 0.06872393190860748 0.07418911904096603
0.001232360489666462 0.05740317702293396 0.05825274810194969
0.001719507621601224 0.07010731101036072 0.06819307804107666
0.0017811025027185678 0.09535032510757446 0.09437452256679535
0.0017831031000241637 0.09632734954357147 0.0993722677230835
0.0023077649530023336 0.04930607229471207 0.04800738766789436
0.0023733978159725666 0.0609954372048378 0.06193338334560394
0.0020608589984476566 0.1187528744339943 0.120073102414608
0.0030873885843902826 0.07133283466100693 0.07276555895805359
0.0017181168077513576 0.0842333734035492 0.08613409847021103
0.002125687664374709 0.07674076408147812 0.07776948809623718
0.0020689263474196196 0.0351056233048439 0.035004183650016785
0.002455157693475485 0.023184828460216522 0.02355174720287323
0.0018939439905807376 0.13480758666992188 0.13388483226299286
0.0014838014030829072 0.06919638812541962 0.07009365409612656
0.0022211377508938313 0.05490418151021004 0.05246146768331528
0.002842291723936796 0.08001062273979187 0.07541369646787643
0.002362179569900036 0.053655266761779785 0.05042347311973572
0.0013574381591752172 0.0761253759264946 0.07717203348875046
0.001349765807390213 0.09909327328205109 0.09844663739204407
0.002253201324492693 0.08512961864471436 0.08399564027786255
0.0026446871925145388 0.10885443538427353 0.10726256668567657
0.0028039952740073204 0.07572941482067108 0.0769234150648117
0.001494001829996705 0.029874233528971672 0.029634959995746613
0.0018138241721317172 0.09991614520549774 0.09506119042634964
0.0021956723649054766 0.06364228576421738 0.06872766464948654
0.002177963498979807 0.03585681691765785 0.03953602537512779
0.001953631406649947 0.06256526708602905 0.06304996460676193
0.0017575871897861362 0.09972070902585983 0.09766215085983276
0.001986389746889472 0.10834481567144394 0.11134898662567139
0.001555026276037097 0.08793802559375763 0.0908844918012619
0.0020879784133285284 0.06661985069513321 0.06303626298904419
0.0017172311199828982 0.04239536449313164 0.042617663741111755
0.0016426189104095101 0.05475502088665962 0.055361777544021606
0.001675833365879953 0.0503932349383831 0.051437657326459885
0.001814687275327742 0.08036409318447113 0.0825115442276001
0.0016441704938188195 0.05622150003910065 0.05856113135814667
0.0013741012662649155 0.04366458207368851 0.04367571696639061
0.0013790043303743005 0.09387360513210297 0.0931357741355896
0.001806912012398243 0.05972876027226448 0.05726342648267746
0.001465052948333323 0.10234761238098145 0.105430006980896
0.0020164542365819216 0.09887610375881195 0.0973442792892456
0.001639886642806232 0.03508340194821358 0.03641688451170921
0.0018837793031707406 0.10807566344738007 0.1050943061709404
0.0015001556603237987 0.07082769274711609 0.06961667537689209
0.0016507086111232638 0.06421178579330444 0.06678949296474457
0.00140458345413208 0.03263741731643677 0.031198371201753616
0.0026370962150394917 0.04701846092939377 0.04600045830011368
0.002644649939611554 0.08366145193576813 0.0846325233578682
0.0022020458709448576 0.09838224947452545 0.09563114494085312
0.002169456332921982 0.07149545848369598 0.07574053853750229
0.0018478743731975555 0.052420005202293396 0.04982943832874298
0.0019172661704942584 0.12163672596216202 0.12441832572221756
0.002313563134521246 0.07526194304227829 0.07489225268363953
0.001621364033780992 0.06543906033039093 0.06293534487485886
0.001592449494637549 0.07905009388923645 0.08047991991043091
0.0010509281419217587 0.06737697124481201 0.06842374801635742
0.0017527500167489052 0.10423757880926132 0.0993599146604538
0.0017120492411777377 0.05826214328408241 0.05789848044514656
0.0014376825420185924 0.08638441562652588 0.08494683355093002
0.0018094800179824233 0.06589895486831665 0.06705214083194733
