0.03413365036249161 2.343074083328247 2.3545780181884766
0.03307625278830528 2.2172722816467285 2.172659397125244
0.03359437361359596 2.1687872409820557 2.1011440753936768
0.035274554044008255 1.990339756011963 2.051480770111084
0.03696936368942261 1.879270076751709 1.8766937255859375
0.03942900896072388 1.6600029468536377 1.677379846572876
0.042611803859472275 1.609736442565918 1.597398281097412
0.047275640070438385 1.5821610689163208 1.5598108768463135
0.04869389161467552 1.4549223184585571 1.4294224977493286
0.05341612175107002 1.3252758979797363 1.334669589996338
0.05252251774072647 1.197782039642334 1.2087490558624268
0.05409916862845421 1.1222392320632935 1.1745328903198242
0.055551398545503616 1.0443778038024902 1.1100534200668335
0.05725150182843208 0.9563210606575012 0.9853625297546387
0.061393965035676956 0.9389851689338684 0.8616529107093811
0.060069840401411057 0.8737412095069885 0.7880284190177917
0.06114635616540909 0.7416955828666687 0.7918704152107239
0.060633908957242966 0.6867148876190186 0.7052321434020996
0.06603942811489105 0.6125566959381104 0.6490979194641113
0.0609067939221859 0.5525603890419006 0.5119169354438782
0.06336718052625656 0.5531641840934753 0.48962321877479553
0.06019752845168114 0.5856926441192627 0.5489729046821594
0.05828703194856644 0.468900203704834 0.49932342767715454
0.05458265542984009 0.44875144958496094 0.49463993310928345
0.05613096430897713 0.41253921389579773 0.3999469578266144
0.06527596712112427 0.36384910345077515 0.3697298765182495
0.0519287995994091 0.3340006172657013 0.33015692234039307
0.05262228846549988 0.34962835907936096 0.3413567841053009
0.05939381197094917 0.4038020968437195 0.438535213470459
0.05506402999162674 0.3203597068786621 0.31909340620040894
0.04685474559664726 0.4023890793323517 0.30550843477249146
0.052493732422590256 0.2686651349067688 0.22126471996307373
0.05586882308125496 0.33304864168167114 0.23975612223148346
0.04891056939959526 0.22077448666095734 0.20050488412380219
0.05807379633188248 0.2673117220401764 0.227888286113739
0.04705367609858513 0.26455947756767273 0.22340913116931915
0.050120867788791656 0.1882093995809555 0.20722725987434387
0.04586988314986229 0.16824814677238464 0.19971996545791626
0.04163689538836479 0.21835854649543762 0.2061186134815216
0.04611590877175331 0.21062710881233215 0.20003320276737213
0.04137544333934784 0.21801450848579407 0.21911287307739258
0.04805843532085419 0.21046100556850433 0.2029072344303131
0.045599061995744705 0.1411958634853363 0.12801998853683472
0.0386950857937336 0.2219582200050354 0.16352982819080353
0.038703154772520065 0.16631010174751282 0.13761430978775024
0.0370061881840229 0.13120579719543457 0.18791204690933228
0.039860378950834274 0.16306959092617035 0.1502387821674347
0.04028240963816643 0.11828651279211044 0.12438132613897324
0.035847704857587814 0.15256260335445404 0.14136400818824768
0.041353192180395126 0.09776723384857178 0.08792610466480255
0.03789854422211647 0.13494881987571716 0.11344896256923676
0.04411596059799194 0.10646465420722961 0.12852822244167328
0.03561348468065262 0.09063251316547394 0.08521965146064758
0.033939506858587265 0.09161440283060074 0.11884719133377075
0.03887378051877022 0.13214021921157837 0.10912775248289108
0.032070256769657135 0.12562182545661926 0.11353977024555206
0.032107628881931305 0.11108098924160004 0.09426399320363998
0.02871863916516304 0.10993313044309616 0.10719100385904312
0.037884414196014404 0.0941472053527832 0.08181115239858627
0.03313639387488365 0.11457472294569016 0.07698661088943481
0.027927646413445473 0.06936308741569519 0.07409512251615524
0.029054829850792885 0.09573337435722351 0.08947814255952835
0.02658875286579132 0.06567632406949997 0.04867611080408096
0.028201764449477196 0.06041939929127693 0.10767419636249542
0.03219735622406006 0.06520485877990723 0.07414646446704865
0.024645982310175896 0.09290816634893417 0.06562711298465729
0.02884000539779663 0.05446144938468933 0.06308571994304657
0.029104789718985558 0.05849136412143707 0.06660619378089905
0.025327682495117188 0.07268095016479492 0.06748156249523163
0.027400920167565346 0.08891609311103821 0.07238993048667908
0.02589936926960945 0.05986432731151581 0.057390615344047546
0.02277544140815735 0.04689428210258484 0.08128626644611359
0.024932604283094406 0.060961078852415085 0.058670151978731155
0.025073571130633354 0.044910531491041183 0.04895120486617088
0.028108781203627586 0.04732101410627365 0.042695578187704086
0.02856585942208767 0.058528997004032135 0.0722542405128479
0.02653001807630062 0.03836829215288162 0.04646846652030945
0.01829526759684086 0.08018310368061066 0.05265935882925987
0.026638304814696312 0.08431871980428696 0.06353764235973358
0.027250861749053 0.08261404186487198 0.07222133129835129
0.02455512061715126 0.04256089776754379 0.06650024652481079
0.0260236207395792 0.04253347963094711 0.03977556899189949
0.01938594877719879 0.06419377028942108 0.03163415193557739
0.022939249873161316 0.041586704552173615 0.05685389041900635
0.023917365819215775 0.033510737121105194 0.04873146116733551
0.021691983565688133 0.0404452420771122 0.04075382277369499
0.022683456540107727 0.03225751966238022 0.03990558907389641
0.018919164314866066 0.05502961575984955 0.06170553341507912
0.02342814765870571 0.027086718007922173 0.06579282879829407
0.02684668079018593 0.0424487441778183 0.023062461987137794
0.022951075807213783 0.04991602897644043 0.040833283215761185
0.022054722532629967 0.028251411393284798 0.04946475103497505
0.01796545647084713 0.0316193625330925 0.04650193452835083
0.025346865877509117 0.03986911103129387 0.02865079790353775
0.021320072934031487 0.03633749485015869 0.03220229223370552
0.02625718154013157 0.05202900618314743 0.04825048893690109
0.023595519363880157 0.03715246543288231 0.05658091604709625
0.021228371188044548 0.030227739363908768 0.052170004695653915
0.01716223917901516 0.03420259803533554 0.023834513500332832
0.025391394272446632 0.05623583495616913 0.015717603266239166
0.019928382709622383 0.031679026782512665 0.05013715475797653
0.021056389436125755 0.030390670523047447 0.03099655732512474
0.01932908594608307 0.04289299622178078 0.02422700636088848
0.021476080641150475 0.04252906143665314 0.05030231922864914
0.01938566379249096 0.018505707383155823 0.02375323884189129
0.01709107868373394 0.03767753019928932 0.03231444209814072
0.02316064015030861 0.049129024147987366 0.021173927932977676
0.016772067174315453 0.022722484543919563 0.015186486765742302
0.012304282747209072 0.03132706880569458 0.01920253410935402
0.013507830910384655 0.0314173549413681 0.04000210762023926
0.019724568352103233 0.032632723450660706 0.025957712903618813
0.01655094511806965 0.02486647665500641 0.026408184319734573
0.014778549782931805 0.028842875733971596 0.021807078272104263
0.013601872138679028 0.03585142642259598 0.0628182590007782
0.014137068763375282 0.03642037510871887 0.03197304904460907
0.017359163612127304 0.054065898060798645 0.020837346091866493
0.014207476750016212 0.030773064121603966 0.02419213578104973
0.011640634387731552 0.01797613874077797 0.02506418712437153
0.017705172300338745 0.011776357889175415 0.014764794148504734
0.014901530928909779 0.024635497480630875 0.019801920279860497
0.016268810257315636 0.04179227352142334 0.012932254001498222
0.012505858205258846 0.023226359859108925 0.028229592368006706
0.014052203856408596 0.02113816887140274 0.01971794292330742
0.01665852963924408 0.03924780339002609 0.029959674924612045
0.01084662601351738 0.012625399976968765 0.026823094114661217
0.01712113805115223 0.01833242177963257 0.014543749392032623
0.013325028121471405 0.01335192285478115 0.02352575771510601
0.01694011315703392 0.019390232861042023 0.02269318699836731
0.018880585208535194 0.013987835496664047 0.02168712578713894
0.01522130984812975 0.043472662568092346 0.022879526019096375
0.011213220655918121 0.017916882410645485 0.019940106198191643
0.014920267276465893 0.02692500315606594 0.02156502939760685
0.015328633598983288 0.03539922088384628 0.018546095117926598
0.009024318307638168 0.014388667419552803 0.02088020369410515
0.01232388336211443 0.03345034271478653 0.01081814430654049
0.02229832112789154 0.01711730845272541 0.028684938326478004
0.016264228150248528 0.05257769674062729 0.011979687958955765
0.02172788977622986 0.052344631403684616 0.012072768062353134
0.012271200306713581 0.038158588111400604 0.015508158132433891
0.013247805647552013 0.01336354948580265 0.032367125153541565
0.012173829600214958 0.013593487441539764 0.027056539431214333
0.017776018008589745 0.01484060287475586 0.011755427345633507
0.0138182258233428 0.013180551119148731 0.009017327800393105
0.017521243542432785 0.026467133313417435 0.03215736150741577
0.015179894864559174 0.02542443387210369 0.009526746347546577
0.010661196894943714 0.012747185304760933 0.012872364372015
0.00901200994849205 0.01779147982597351 0.028287135064601898
0.013585323467850685 0.016030840575695038 0.016008691862225533
0.008835583925247192 0.008581360802054405 0.015736261382699013
0.008320656605064869 0.02045254036784172 0.012178074568510056
0.012782302685081959 0.02236580103635788 0.013508560135960579
0.013385585509240627 0.019383972510695457 0.0193166546523571
0.013145891018211842 0.025947151705622673 0.015161626972258091
0.01692425273358822 0.013214517384767532 0.00961376540362835
0.015270644798874855 0.02106642723083496 0.013842370361089706
0.011842427775263786 0.01406225748360157 0.020007949322462082
0.014593097381293774 0.030749741941690445 0.013674219138920307
0.01699160598218441 0.020564988255500793 0.019682612270116806
0.009606561623513699 0.00985155813395977 0.017393920570611954
0.007943046279251575 0.01581905037164688 0.011122655123472214
0.01157467532902956 0.030518686398863792 0.009833503514528275
0.012701602652668953 0.01904766447842121 0.012092512100934982
0.011363280937075615 0.0320928692817688 0.009788954630494118
0.016138574108481407 0.015561394393444061 0.02241438813507557
0.01841742731630802 0.006623061373829842 0.015945080667734146
0.0127757852897048 0.010483302175998688 0.02318623475730419
0.008953324519097805 0.016275696456432343 0.010437821969389915
0.012385733425617218 0.012710591778159142 0.0073785725980997086
0.011439086869359016 0.018403084948658943 0.007017800584435463
0.015240970067679882 0.014994669705629349 0.013003474101424217
0.012894049286842346 0.014502784237265587 0.017088325694203377
0.01076056994497776 0.024385832250118256 0.008048733696341515
0.009524017572402954 0.013643929734826088 0.02318550832569599
0.011233070865273476 0.014006497338414192 0.019942112267017365
0.01079865824431181 0.02058231271803379 0.007025130093097687
0.01007270347326994 0.014453945681452751 0.011816561222076416
0.01345390360802412 0.02084340713918209 0.01900315470993519
0.009571117348968983 0.015033962205052376 0.015881333500146866
0.014841276220977306 0.01036598440259695 0.02056487835943699
0.013273295946419239 0.012969620525836945 0.006716746836900711
0.009274275973439217 0.023687876760959625 0.0144417155534029
0.009954816661775112 0.01236928440630436 0.01578911580145359
0.00977869052439928 0.008591758087277412 0.007895657792687416
0.009640240110456944 0.019406752660870552 0.011153275147080421
0.01663101278245449 0.005289798602461815 0.047187790274620056
0.01008713897317648 0.014129023998975754 0.020299984142184258
0.01646718755364418 0.019176438450813293 0.012291839346289635
0.01161959208548069 0.011416411027312279 0.007322197780013084
0.009544006548821926 0.007728558033704758 0.008933714590966702
0.011452512815594673 0.01956780068576336 0.012857167981564999
0.01157276052981615 0.022509632632136345 0.009406019002199173
0.01202427875250578 0.015357885509729385 0.0058611854910850525
0.00916344579309225 0.046937860548496246 0.011933842673897743
0.014111054129898548 0.012432362884283066 0.011338626965880394
0.013203342445194721 0.011661311611533165 0.008522877469658852
0.013082394376397133 0.010645691305398941 0.021518677473068237
0.010630875825881958 0.01833798736333847 0.008944995701313019
0.008331254124641418 0.01099659688770771 0.012397632002830505
0.01424188632518053 0.014922569505870342 0.025930294767022133
0.00817668717354536 0.005333153530955315 0.007897034287452698
